4210752 load 539.6667 84 1
4210753 load 539.5357 84 1
4210755 load 556.02374 84 1
4210757 load 576.23004 126 1
4214889 load 34.03747 3789 14
4210731 load 776.9523 42 1
4210736 load 771.0239 84 1
4210751 load 163.79764 84 1
4214922 load 21.7205 3163 14
4211015 load 607.0476 42 1
4211020 load 607.0476 42 1
4211047 load 29.024391 41 1
4211057 load 14.333333 42 1
4211064 load 14.333333 42 1
4215067 load 41.343647 3708 14
4210981 load 505.20624 126 1
4215084 load 32.666668 6 1
4215085 load 15.166667 6 1
4215086 load 48.833332 6 1
4215088 load 48.333332 6 1
4215090 load 45.833332 6 1
4215092 load 36.5 6 1
4210997 load 556.5714 42 1
4215094 load 49.666668 9 1
4215098 load 30.363132 7700 14
4211006 load 590.21436 42 1
4213191 load 31.889584 178330 601
4213194 load 47.21145 178302 601
4213197 load 47.507328 178310 12379
4213199 load 40.03672 356655 14952
4213211 load 49.84666 535000 15
4211168 load 424.9762 42 1
4213221 load 90.798386 15485 3
4211182 load 791.6429 42 1
4211076 load 26.119047 42 3
4211085 load 15.658537 41 3
4211102 load 783.384 125 1
4211111 load 360.5238 42 42
4211115 load 15.880953 42 42
4213168 load 48.141697 183435 148
4213176 load 33.173313 183466 148
4213179 load 54.60916 183477 601
4213183 load 52.943153 366952 601
4211265 load 625.76984 126 1
4211282 load 597.712 125 1
4213341 load 608.5238 42 1
4213351 load 608.5238 42 1
4211307 load 609.0238 42 1
4213361 load 608.5238 42 1
4211316 load 517.52374 42 1
4213371 load 608.5238 42 1
4211325 load 390.6905 42 1
4211201 load 353.2381 42 42
4211208 load 718.2619 42 42
4211212 load 718.2619 42 42
4211251 load 744.9518 83 41
4213442 load 521.79803 4915 143
4215498 load 63.90892 461 5
4213461 load 526.26556 2453 8
4213468 load 528.0075 2457 8
4215522 load 138.867 459 5
4213482 load 523.55054 2459 8
4211440 load 343.82925 41 1
4213492 load 530.1838 7363 81
4213496 load 528.85223 2459 8
4215436 load 15.278914 147 2
4213403 load 529.3594 5034 1
4213412 load 528.696 5029 84
4213419 load 232.19539 2518 84
4213422 load 295.16174 2515 144
4213426 load 515.6018 2517 144
4213430 load 298.95 5025 135
4213433 load 271.92993 2515 144
4213437 load 276.40372 5028 133
4215637 load 143.5 8 2
4215669 load 34.07485 3849 82
4213524 load 524.7619 42 1
4213531 load 972.619 42 1
4215582 load 132.27315 461 5
4213538 load 927.9524 84 1
4215593 load 77.80478 917 5
4213697 load 752.7678 15987 1
4213711 load 757.69727 15985 1
4213725 load 782.4718 47951 598
4213729 load 768.02985 15983 1
4213744 load 791.501 15981 1
4209656 load 681.6881 125 42
4213752 load 1058.3417 41 1
4213756 load 1042.3293 82 1
4213635 load 997.58057 162536 162536
4215684 load 34.07157 3844 148
4213644 load 608.26636 162134 162134
4213648 load 1163.5299 162118 162118
4213652 load 616.0121 324271 38476
4213658 load 630.54584 162143 162143
4213662 load 637.0525 324265 39285
4213673 load 744.53174 15985 1
4209578 load 693.7381 42 1
4209583 load 310.85715 42 1
4209588 load 301.19046 42 1
4209593 load 709.4524 42 1
4209598 load 676.6667 42 42
4209736 load 623.619 42 42
4213838 load 845.8293 41 1
4209743 load 279.45233 42 42
4209754 load 614.9524 42 42
4209770 load 324.99997 42 1
4213870 load 649.7857 42 1
4213878 load 328.96423 84 1
4213879 load 315.4642 84 1
4213880 load 204.08333 84 1
4213882 load 327.24997 84 1
4213884 load 326.75 84 1
4213886 load 326.25006 84 1
4213763 load 566.0 1 1
4209670 load 295.40475 42 42
4213788 load 689.60974 41 1
4213800 load 689.6097 82 1
4209706 load 290.59525 42 42
4209713 load 314.85715 42 42
4213822 load 700.7561 41 1
4209864 load 275.5238 42 42
4213984 load 21.219736 3923 14
4213996 load 18.07331 3846 14
4214001 load 14.337146 3847 14
4213888 load 358.3254 126 1
4209804 load 305.26828 41 41
4215953 load 366.55 20 2
4209813 load 641.90485 42 42
4209821 load 650.619 42 42
4209825 load 273.90475 42 42
4209843 load 279.7143 42 42
4216183 load 77.3205 78 8
4209920 load 328.55954 84 1
4210112 load 630.14294 42 1
4214211 load 56.969925 133 12
4210117 load 243.40475 84 1
4216267 load 50.03194 11663 8
4214220 load 34.149837 3925 14
4214231 load 43.686195 3926 82
4214235 load 41.620785 3929 148
4210141 load 265.4285 42 1
4210146 load 254.91571 83 1
4210160 load 496.30396 125 41
4210164 load 232.80952 42 42
4210173 load 481.4881 84 1
4210174 load 479.31326 83 1
4210175 load 477.63095 84 1
4216206 load 93.35256 156 8
4214167 load 46.11036 15175 15
4216222 load 55.236843 76 8
4214179 load 27.994398 3927 14
4216227 load 69.35897 78 8
4216230 load 75.79953 5449 8
4216248 load 48.68823 5829 36
4216252 load 49.0798 5829 36
4210253 load 201.50603 83 43
4210257 load 482.75 168 42
4210263 load 390.5 42 42
4210177 load 477.13095 84 1
4210179 load 470.25 84 1
4210181 load 480.14285 84 1
4210183 load 499.08734 126 1
4216330 load 84.93237 8168 8
4216335 load 46.034565 2721 8
4216340 load 80.79043 5443 8
4216351 load 244.859 156 8
4210208 load 368.07144 42 42
4216352 load 243.6282 156 8
4216353 load 252.15387 156 8
4216355 load 251.6538 156 8
4216357 load 249.46156 156 8
4216359 load 260.56494 154 8
4210217 load 385.45 40 40
4216361 load 262.9743 234 8
4210239 load 356.26834 41 41
4216534 load 15.995626 3667 15
4214497 load 19.384756 6477 14
4214504 load 34.245243 6483 82
4214508 load 34.277912 6483 143
4216563 load 42.23043 3662 15
4216574 load 41.013577 14079 15
4210306 load 627.68256 126 1
4210360 load 21.66667 42 42
4210364 load 609.2501 84 1
4210534 load 188.88095 42 1
4216679 load 43.486134 21132 15
4216683 load 30.744951 7051 15
4216687 load 35.669888 14087 15
4210550 load 12.619047 42 1
4216698 load 27.210752 7326 15
4216699 load 16.658218 7333 15
4216700 load 29.63739 7333 15
4216702 load 29.213991 7332 15
4216592 load 41.29309 7798 145
4216597 load 39.707478 7803 145
4216613 load 42.388077 15599 15
4216704 load 26.172182 7335 15
4210560 load 155.35822 2512 1
4216706 load 24.185442 7334 15
4210563 load 157.43651 2514 8
4216708 load 29.830452 11000 15
4210566 load 218.47438 5024 84
