PC type slack #Ref SetSize
4210752 load 539.6667 84 1
4210753 load 539.5357 84 1
4210755 load 556.02374 84 1
4214853 integerALU 46.48079 3798 0
4210757 load 576.23004 126 1
4214857 store 46.41206 3798 0
4214862 integerMul 46.9728 3790 0
4214866 integerALU 18.383833 3796 0
4214870 mov 28.957024 3793 0
4214873 mov 25.718704 3793 0
4214876 integerALU 46.983917 3794 0
4214880 branch 47.031384 3787 0
4214886 mov 16.378315 3793 0
4214889 load 34.03747 3789 14
4214894 integerALU 35.850327 11379 0
4214897 mov 15.077179 3796 0
4214900 mov 30.048756 3795 0
4214903 integerALU 41.41646 3796 0
4214905 branch 41.478455 3794 0
4214911 integerALU 24.295326 9467 0
4210708 store 164.15831 2512 0
4210712 integerALU 280.05685 2510 0
4210716 integerALU 217.75005 10061 1
4210721 integerALU 280.26056 2517 0
4210725 branch 281.31088 2515 0
4210731 load 776.9523 42 1
4210736 load 771.0239 84 1
4210745 branch 771.0239 42 0
4210747 integerALU 1.1428572 42 0
4210751 load 163.79764 84 1
4214914 integerALU 29.367247 3156 0
4214916 branch 29.40082 3151 0
4214922 load 21.7205 3163 14
4214927 mov 8.890175 3160 0
4214930 mov 21.909811 3159 0
4214933 integerALU 23.711153 9478 0
4214936 integerALU 29.951454 3152 0
4214942 jump 32.864227 3160 0
4215105 branch 34.298744 3848 0
4211013 integerALU 434.45233 84 0
4211015 load 607.0476 42 1
4211020 load 607.0476 42 1
4211025 integerALU 262.19043 42 0
4211030 integerALU 603.0716 126 0
4211035 integerALU 650.5 42 0
4211040 integerALU 621.881 42 0
4211044 store 649.49994 42 0
4211047 load 29.024391 41 1
4211054 store 58.261906 42 0
4211057 load 14.333333 42 1
4211064 load 14.333333 42 1
4211067 integerALU 25.119047 42 0
4211070 branch 25.119047 42 0
4215041 integerALU 34.168842 3697 0
4215043 mov 33.04156 3702 0
4215046 mov 10.6114025 3703 0
4215049 store 28.160095 3704 0
4215053 integerDiv 14.217181 3702 0
4215056 mov 22.33281 3705 0
4215059 mov 14.416398 3708 0
4215062 integerALU 27.740396 11110 0
4215067 load 41.343647 3708 14
4215071 integerALU 41.681824 3708 0
4215074 branch 41.726814 3708 0
4210981 load 505.20624 126 1
4215080 integerALU 0.0 3 0
4215084 load 32.666668 6 1
4210989 integerALU 450.42856 84 0
4215085 load 15.166667 6 1
4215086 load 48.833332 6 1
4210991 integerALU 235.07317 41 0
4215088 load 48.333332 6 1
4210994 mov 602.881 42 0
4215090 load 45.833332 6 1
4215092 load 36.5 6 1
4210997 load 556.5714 42 1
4215094 load 49.666668 9 1
4215095 integerALU 17.093441 3852 0
4215098 load 30.363132 7700 14
4211004 integerALU 435.5 84 0
4215102 mov 17.24488 3851 0
4211006 load 590.21436 42 1
4211136 mov 15.190476 42 0
4213187 branch 54.951836 183482 0
4211139 store 816.2381 42 0
4213189 branch 54.271954 178976 0
4213191 load 31.889584 178330 601
4211144 store 816.2381 42 0
4213194 load 47.21145 178302 601
4213197 load 47.507328 178310 12379
4213199 load 40.03672 356655 14952
4213201 mov 61.771057 178321 0
4211153 integerALU 823.29266 41 0
4213204 mov 62.11007 178318 0
4211158 integerALU 816.2857 42 0
4213207 integerALU 62.437965 178302 0
4213211 load 49.84666 535000 15
4211163 integerALU 681.65076 126 0
4213216 mov 195.8638 691 0
4211168 load 424.9762 42 1
4213221 load 90.798386 15485 3
4211173 integerALU 726.3333 42 0
4211176 branch 726.3333 42 0
4211182 load 791.6429 42 1
4211187 integerALU 791.6429 42 0
4211190 branch 791.6429 42 0
4211192 mov 423.0476 42 0
4211195 mov 424.9762 42 0
4211198 mov 423.0476 42 0
4211076 load 26.119047 42 3
4211080 mov 637.9047 42 0
4211085 load 15.658537 41 3
4211088 integerALU 611.5872 126 0
4211093 integerALU 768.97614 42 0
4211096 branch 768.97614 42 0
4211102 load 783.384 125 1
4211111 load 360.5238 42 42
4211115 load 15.880953 42 42
4211119 integerALU 787.5476 42 0
4213168 load 48.141697 183435 148
4211122 branch 820.3 40 0
4213171 mov 67.12728 183488 0
4213176 load 33.173313 183466 148
4211128 integerALU 815.4524 42 0
4213179 load 54.60916 183477 601
4211133 mov 369.2857 42 0
4213183 load 52.943153 366952 601
4213312 integerALU 598.1786 84 0
4211265 load 625.76984 126 1
4213314 mov 239.50003 42 0
4213317 integerALU 599.5477 42 0
4213320 integerALU 597.6785 84 0
4211273 integerALU 552.39276 84 0
4211274 mov 776.2143 42 0
4213322 integerALU 398.02386 84 0
4211278 integerALU 771.21423 42 0
4213326 integerALU 602.8435 83 0
4213328 integerALU 599.49994 84 0
4211281 integerALU 549.2287 83 0
4211282 load 597.712 125 1
4213330 integerALU 598.99994 84 0
4213331 integerALU 598.5001 84 0
4213332 integerALU 608.5238 42 0
4211286 mov 744.9286 42 0
4213336 store 608.5238 42 0
4211290 integerALU 522.97626 84 0
4211292 mov 350.0238 42 0
4213341 load 608.5238 42 1
4211295 mov 744.9286 42 0
4213346 store 608.5238 42 0
4211299 integerALU 522.4764 84 0
4211300 integerALU 600.30963 126 0
4213351 load 608.5238 42 1
4211305 integerALU 266.83334 42 0
4211307 load 609.0238 42 1
4213356 store 608.5238 42 0
4211312 store 615.54755 42 0
4213361 load 608.5238 42 1
4211316 load 517.52374 42 1
4213366 mov 540.7858 42 0
4211321 integerALU 281.85718 42 0
4213371 load 608.5238 42 1
4211325 load 390.6905 42 1
4211201 load 353.2381 42 42
4211205 integerALU 376.88092 42 0
4211208 load 718.2619 42 42
4211212 load 718.2619 42 42
4211216 integerALU 353.07144 42 0
4211219 mov 787.4286 42 0
4211223 integerALU 787.4286 42 0
4211227 integerALU 782.1429 42 0
4211230 branch 782.1429 42 0
4211249 integerALU 771.04767 42 0
4211251 load 744.9518 83 41
4211255 store 771.21423 42 0
4211260 store 771.21423 42 0
4213440 branch 283.41965 2512 0
4213442 load 521.79803 4915 143
4215492 integerALU 117.316475 1384 0
4213447 branch 530.453 2460 0
4215495 mov 40.398277 462 0
4213449 integerALU 526.56604 2456 0
4215498 load 63.90892 461 5
4213453 integerALU 240.32004 2456 0
4215503 integerALU 150.84746 459 0
4213457 integerALU 520.65533 4916 0
4215505 branch 150.28357 462 0
4213461 load 526.26556 2453 8
4215511 integerALU 43.551853 1263 0
4211416 mov 9.5 42 0
4213464 store 529.13324 2451 0
4215514 integerALU 56.144897 421 0
4211419 mov 369.2857 42 0
4213468 load 528.0075 2457 8
4215516 branch 56.144897 421 0
4211422 mov 9.5 42 0
4213471 mov 287.89993 2457 0
4211425 jump 821.6429 42 0
4213474 integerALU 527.31384 2458 0
4215522 load 138.867 459 5
4213478 store 529.8366 2456 0
4215527 mov 36.342064 459 0
4213482 load 523.55054 2459 8
4215530 integerALU 49.47619 462 0
4213485 integerALU 533.9311 2457 0
4215535 integerALU 140.83565 462 0
4211440 load 343.82925 41 1
4213488 store 531.0903 2460 0
4215538 store 138.65585 462 0
4213492 load 530.1838 7363 81
4211445 mov 350.9524 42 0
4215543 integerALU 66.75869 460 0
4211448 jump 784.0714 42 0
4213496 load 528.85223 2459 8
4215546 mov 67.647194 462 0
4213499 store 532.3483 2457 0
4215549 store 140.43939 462 0
4213376 jump 609.5238 42 0
4215425 integerALU 86.005775 1911 0
4211332 store 517.52374 42 0
4215428 integerALU 98.26381 637 0
4215430 branch 99.12622 634 0
4213384 branch 546.4656 58 0
4211337 integerALU 390.6905 42 0
4211340 branch 390.6905 42 0
4215436 load 15.278914 147 2
4213393 integerALU 452.29825 57 0
4215441 mov 9.445206 146 0
4215444 mov 15.571428 147 0
4213397 integerALU 592.3622 58 0
4215447 integerALU 22.702272 440 0
4213401 branch 592.3622 58 0
4215450 integerALU 30.178082 146 0
4213403 load 529.3594 5034 1
4213406 branch 532.41907 2510 0
4213408 integerALU 230.8604 5027 8
4215456 jump 33.06805 147 0
4213412 load 528.696 5029 84
4215461 integerALU 146.62096 459 0
4213417 branch 535.46765 2513 0
4215465 mov 98.93075 462 0
4213419 load 232.19539 2518 84
4215468 integerMul 146.17105 462 0
4213422 load 295.16174 2515 144
4215472 store 148.16074 460 0
4213426 load 515.6018 2517 144
4215477 integerALU 95.94897 920 0
4213430 load 298.95 5025 135
4213433 load 271.92993 2515 144
4215481 integerALU 44.878548 461 0
4215484 mov 45.07174 460 0
4213437 load 276.40372 5028 133
4215487 store 150.46515 460 0
4215618 integerALU 132.63776 461 0
4213571 nop 1016.8333 42 0
4215620 branch 132.67035 461 0
4213576 integerALU 990.8095 42 0
4215626 integerALU 169.44444 27 0
4213580 integerALU 1009.6905 42 0
4215629 integerALU 209.44444 9 0
4213583 integerALU 1006.1905 42 0
4215631 branch 209.44444 9 0
4213587 integerALU 538.5121 41 0
4215637 load 143.5 8 2
4213591 mov 994.2619 42 0
4213594 mov 1009.5714 42 0
4215642 mov 197.55556 9 0
4215645 mov 180.22223 9 0
4213598 store 1019.5952 42 0
4215648 integerALU 178.37038 27 0
4213601 integerALU 1009.5714 42 0
4215651 integerALU 222.11111 9 0
4213604 branch 1009.5714 42 0
4215657 jump 224.88889 9 0
4213610 store 1019.5952 42 0
4215662 integerALU 34.959328 3851 0
4213614 jump 1019.5952 42 0
4213616 integerALU 1201.9114 146152 0
4215666 mov 33.890423 3844 0
4213620 branch 1202.8859 146156 0
4215669 load 34.07485 3849 82
4215672 integerALU 33.7917 3854 0
4213627 integerALU 537.90643 146556 0
4215676 integerALU 33.910614 3850 0
4213630 integerALU 1200.4121 146582 0
4215554 integerALU 117.49783 1386 0
4213507 integerALU 537.25836 2453 0
4215557 mov 43.660168 462 0
4213511 branch 537.7139 2460 0
4215560 mov 92.58043 460 0
4213513 store 980.1905 42 0
4215563 integerALU 135.12206 459 0
4213516 integerALU 978.1905 84 0
4215565 branch 138.40129 461 0
4213524 load 524.7619 42 1
4213527 integerALU 978.1905 42 0
4213531 load 972.619 42 1
4215582 load 132.27315 461 5
4213538 load 927.9524 84 1
4215587 integerALU 50.214283 462 0
4215590 mov 137.4685 461 0
4213543 integerALU 979.6905 84 0
4215593 load 77.80478 917 5
4213547 integerALU 182.19513 41 0
4215598 mov 48.777058 462 0
4213551 integerALU 1005.2195 41 0
4215601 mov 77.978294 461 0
4213555 integerALU 1016.8333 84 0
4215604 store 129.2108 460 0
4213559 mov 535.2619 42 0
4215609 integerALU 112.310905 1383 0
4213562 integerALU 1015.8571 42 0
4215612 mov 96.10605 462 0
4213567 integerALU 1016.8333 42 0
4215615 mov 109.74348 460 0
4213697 load 752.7678 15987 1
4209602 integerALU 676.5716 42 0
4213700 integerALU 288.2214 15984 0
4209605 branch 676.5716 42 0
4213703 integerALU 758.8724 31971 141
4213707 store 765.2499 15984 0
4213711 load 757.69727 15985 1
4209616 integerALU 701.381 42 0
4213714 integerALU 797.07684 15985 0
4209619 branch 701.381 42 0
4213717 integerALU 764.43304 31969 141
4213721 store 778.8754 15984 0
4213725 load 782.4718 47951 598
4213729 load 768.02985 15983 1
4213732 integerALU 775.6214 31971 141
4213736 store 783.1054 15986 0
4213744 load 791.501 15981 1
4213747 integerALU 796.76587 15984 0
4213750 branch 797.5718 15984 0
4209656 load 681.6881 125 42
4213752 load 1058.3417 41 1
4209659 mov 295.40475 42 0
4213756 load 1042.3293 82 1
4209662 jump 706.0714 42 0
4215680 integerALU 33.074753 3851 0
4213633 branch 1201.3939 146572 0
4213635 load 997.58057 162536 162536
4215684 load 34.07157 3844 148
4213639 integerALU 1004.82806 162551 0
4215688 store 34.24647 3851 0
4213642 branch 1006.2416 162562 0
4215692 store 34.353794 3850 0
4213644 load 608.26636 162134 162134
4215696 integerALU 33.400314 3847 0
4213648 load 1163.5299 162118 162118
4215699 branch 33.416912 3853 0
4213652 load 616.0121 324271 38476
4215701 mov 34.224304 3848 0
4213655 mov 627.76654 162118 0
4215704 mov 35.299183 3847 0
4213658 load 630.54584 162143 162143
4215707 integerALU 35.329323 3854 0
4215710 integerALU 31.27062 3843 0
4213662 load 637.0525 324265 39285
4209568 integerALU 516.3373 83 0
4215713 integerALU 35.343872 3849 0
4213665 branch 648.37726 162123 0
4209570 integerALU 507.62656 83 0
4213667 integerALU 795.5755 15985 0
4215716 integerALU 34.487232 3850 0
4209572 integerALU 508.2263 84 0
4209574 integerALU 498.8796 83 0
4215719 mov 32.371914 3850 0
4213671 branch 796.03595 15986 0
4209576 integerALU 492.44037 84 0
4209577 integerALU 496.88092 84 0
4213673 load 744.53174 15985 1
4209578 load 693.7381 42 1
4215723 integerALU 32.535282 3849 0
4213676 mov 304.8546 15987 0
4215726 branch 32.55381 3851 0
4209583 load 310.85715 42 1
4213679 integerALU 782.67065 15988 0
4213683 integerALU 746.63416 15984 0
4209588 load 301.19046 42 1
4213687 store 797.0369 15984 0
4209593 load 709.4524 42 1
4213690 integerALU 753.3424 31973 141
4209598 load 676.6667 42 42
4213694 store 760.3419 15983 0
4213825 integerALU 710.35376 82 5
4213830 store 721.2195 41 0
4209736 load 623.619 42 42
4209740 integerALU 391.6905 42 0
4213838 load 845.8293 41 1
4209743 load 279.45233 42 42
4213841 integerALU 719.95123 41 0
4209747 store 623.619 42 0
4213843 integerALU 845.1951 41 0
4213846 branch 845.1951 41 0
4209751 mov 299.23804 42 0
4213848 mov 1036.4636 41 0
4209754 load 614.9524 42 42
4213851 mov 1062.3903 41 0
4209758 store 614.9524 42 0
4213856 mov 937.3171 41 0
4209762 store 614.9524 42 0
4213861 integerALU 217.58537 41 0
4209766 store 615.00006 41 0
4213865 integerALU 1046.4626 121 0
4209770 load 324.99997 42 1
4213870 load 649.7857 42 1
4209774 integerALU 275.54764 42 0
4209777 mov 611.49994 42 0
4213874 integerALU 0.0 41 0
4209780 integerALU 323.99997 42 0
4213878 load 328.96423 84 1
4213879 load 315.4642 84 1
4209783 branch 323.99997 42 0
4213880 load 204.08333 84 1
4213882 load 327.24997 84 1
4213884 load 326.75 84 1
4213886 load 326.25006 84 1
4213761 branch 1063.8048 41 0
4213763 load 566.0 1 1
4209670 load 295.40475 42 42
4213768 store 944.0 1 0
4209674 integerALU 295.40475 42 0
4213771 mov 566.0 1 0
4209677 branch 295.40475 42 0
4213774 integerALU 1062.95 40 0
4209679 integerALU 656.9286 42 0
4213777 branch 1065.2927 41 0
4209682 branch 656.9286 42 0
4213779 integerALU 1074.4634 41 0
4213782 branch 1074.4634 41 0
4213788 load 689.60974 41 1
4213793 integerALU 572.63416 41 0
4213795 nop 1075.4634 41 0
4213800 load 689.6097 82 1
4209706 load 290.59525 42 42
4213803 integerALU 1073.4634 41 0
4209710 mov 316.66666 42 0
4213807 integerALU 1073.4634 41 0
4209713 load 314.85715 42 42
4213810 branch 1073.4634 41 0
4213812 integerALU 1074.4634 41 0
4209717 mov 298.57147 42 0
4209720 integerALU 308.3095 42 0
4213816 branch 1074.4634 41 0
4209723 branch 308.3095 42 0
4213822 load 700.7561 41 1
4213953 store 45.909534 3747 0
4209860 store 629.50006 42 0
4213958 store 45.96632 3740 0
4209864 load 275.5238 42 42
4213962 store 45.975407 3747 0
4209868 integerALU 299.61908 42 0
4213967 store 45.99489 3744 0
4209871 store 630.3571 42 0
4213972 jump 47.023804 3739 0
4209879 integerALU 275.5238 42 0
4216023 integerALU 111.83237 1384 0
4209882 mov 666.00006 42 0
4216026 integerALU 136.71642 462 0
4216028 branch 136.587 460 0
4209886 integerALU 663.9048 42 0
4213984 load 21.219736 3923 14
4209889 branch 667.95 40 0
4213988 integerALU 21.51044 3930 0
4213990 branch 21.572598 3926 0
4213996 load 18.07331 3846 14
4214001 load 14.337146 3847 14
4214006 integerMul 18.501966 3847 0
4209912 store 305.9524 42 0
4214010 mov 18.18833 3849 0
4216059 integerALU 976.3333 123 0
4209916 jump 677.0714 42 0
4214013 integerALU 35.157734 3849 0
4216062 integerALU 1020.7561 41 0
4213888 load 358.3254 126 1
4215942 integerALU 108.81254 1355 0
4215945 integerALU 128.9756 450 0
4215947 branch 127.77829 451 0
4209804 load 305.26828 41 41
4213904 integerALU 34.817528 7486 0
4209808 integerALU 306.7143 42 0
4215953 load 366.55 20 2
4213906 mov 44.26315 3744 0
4209811 branch 306.7143 42 0
4213909 mov 32.493877 3744 0
4209813 load 641.90485 42 42
4215958 mov 572.8001 20 0
4213912 integerALU 34.586777 7487 0
4209817 store 307.7143 42 0
4215961 mov 461.55 20 0
4213914 mov 44.723537 3740 0
4215964 integerALU 514.64996 60 0
4213917 integerALU 34.325172 7485 0
4209821 load 650.619 42 42
4213919 integerALU 34.08923 7493 0
4215967 integerALU 607.7 20 0
4213921 mov 10.836667 3747 0
4209825 load 273.90475 42 42
4213924 integerALU 33.98368 7486 0
4213925 integerALU 33.895226 7487 0
4209829 integerALU 291.57144 42 0
4215973 jump 592.8421 19 0
4213926 mov 44.753555 3745 0
4209832 branch 291.57144 42 0
4213929 integerALU 46.58533 3750 0
4213933 integerALU 16.343626 3743 0
4209839 store 640.3333 42 0
4213937 integerALU 45.53489 3743 0
4209843 load 279.7143 42 42
4213941 store 45.7825 3747 0
4209847 store 631.1428 42 0
4213946 integerALU 45.193615 7480 0
4209851 integerALU 288.5476 42 0
4213950 integerALU 44.75643 3744 0
4209854 branch 285.70734 41 0
4216129 integerALU 56.971497 421 0
4214085 integerALU 46.103447 145 0
4216135 store 52.728573 420 0
4214088 branch 46.131943 144 0
4216140 jump 59.61045 421 0
4214094 integerALU 19.472958 3848 0
4214097 mov 42.745472 3846 0
4214100 integerALU 38.744358 3850 0
4214102 integerDiv 38.0723 3845 0
4214105 mov 19.379875 3846 0
4214108 store 41.952263 3853 0
4214113 mov 43.04714 7583 0
4214116 store 43.989372 7591 0
4214123 integerALU 40.410534 7591 0
4214126 integerALU 47.189487 7589 0
4214128 branch 47.238445 7589 0
4214130 integerALU 45.26775 7598 0
4214132 integerALU 48.266727 7599 0
4216183 load 77.3205 78 8
4214136 mov 48.244293 7594 0
4214139 store 44.4937 7598 0
4216188 mov 101.207794 77 0
4214142 store 44.600395 7593 0
4216191 store 92.07792 77 0
4214016 integerALU 34.01436 3841 0
4209920 load 328.55954 84 1
4216064 branch 1020.7561 41 0
4214020 mov 34.418575 3846 0
4209925 branch 332.61905 42 0
4214023 integerALU 15.205567 3848 0
4214026 integerALU 18.00626 3849 0
4214029 mov 15.556362 3850 0
4214033 integerALU 16.13766 3850 0
4214036 branch 16.208822 3850 0
4216120 mov 29.333334 420 0
4216123 mov 47.233337 420 0
4214076 integerALU 19.19569 3848 0
4216126 integerALU 41.631577 1262 0
4214079 branch 19.273539 3850 0
4210112 load 630.14294 42 1
4216256 store 49.53733 5833 0
4214211 load 56.969925 133 12
4216260 store 49.75568 5832 0
4210117 load 243.40475 84 1
4216264 mov 22.913622 5833 0
4214216 integerALU 40.681812 132 0
4210122 branch 243.40475 42 0
4216267 load 50.03194 11663 8
4214220 load 34.149837 3925 14
4214223 integerALU 34.338943 3923 0
4216272 branch 49.241528 5835 0
4214225 branch 34.3774 3925 0
4216274 mov 40.861694 8463 0
4216277 integerALU 34.79614 8466 0
4214231 load 43.686195 3926 82
4216282 mov 47.761005 8458 0
4214235 load 41.620785 3929 148
4210141 load 265.4285 42 1
4216285 integerALU 50.83766 25395 0
4214239 store 44.04859 3929 0
4216288 integerALU 65.110176 8455 0
4210146 load 254.91571 83 1
4216290 branch 65.154816 8463 0
4214243 store 41.791714 3927 0
4216292 integerALU 56.768227 5829 0
4216294 branch 56.81739 5827 0
4214247 integerALU 19.049994 3922 0
4210151 branch 259.7619 42 0
4210153 nop 645.119 42 0
4214251 mov 43.39678 3929 0
4214254 store 39.249584 3926 0
4210160 load 496.30396 125 41
4210164 load 232.80952 42 42
4214262 store 39.349064 3925 0
4210168 integerALU 233.7619 42 0
4214267 mov 18.930443 3928 0
4210171 branch 233.7619 42 0
4210173 load 481.4881 84 1
4214270 store 39.39539 3928 0
4210174 load 479.31326 83 1
4210175 load 477.63095 84 1
4216196 integerALU 99.40259 77 0
4214150 integerALU 47.580814 7598 0
4216199 integerMul 74.474365 78 0
4214152 branch 47.6153 7595 0
4214154 integerALU 41.27472 7598 0
4216203 integerALU 96.57693 78 0
4214156 integerALU 48.685802 7588 0
4216206 load 93.35256 156 8
4214160 mov 48.439434 7598 0
4214163 store 44.88777 7601 0
4216211 branch 96.57693 78 0
4214167 load 46.11036 15175 15
4216217 store 90.12823 78 0
4214173 branch 47.731705 7592 0
4216222 load 55.236843 76 8
4214179 load 27.994398 3927 14
4216227 load 69.35897 78 8
4216230 load 75.79953 5449 8
4214184 mov 29.807413 3931 0
4210088 mov 702.381 42 0
4214187 integerALU 47.12494 3929 0
4210091 integerALU 689.2143 42 0
4216235 branch 73.879654 2725 0
4216237 mov 40.222015 2721 0
4214190 integerMul 47.368103 3920 0
4210095 integerALU 689.2143 42 0
4216240 jump 85.33618 2725 0
4214194 integerALU 17.356731 3930 0
4210098 integerALU 689.2143 42 0
4210101 jump 715.7619 42 0
4214198 mov 28.579596 3932 0
4216248 load 48.68823 5829 36
4214201 integerALU 47.33574 3925 0
4216252 load 49.0798 5829 36
4214205 branch 47.420555 3921 0
4210243 nop 798.619 42 0
4210248 integerALU 554.14264 84 0
4214345 integerALU 45.79588 45535 0
4210251 branch 554.14264 84 0
4214348 integerALU 99.15016 45521 0
4210253 load 201.50603 83 43
4214351 branch 99.22505 45528 0
4210257 load 482.75 168 42
4214357 mov 77.172455 52020 0
4210261 branch 206.40475 84 0
4210263 load 390.5 42 42
4214360 mov 42.367233 52024 0
4214363 integerALU 78.48648 156002 0
4210267 integerALU 390.5 42 0
4214366 integerALU 88.9017 52024 0
4210270 branch 390.5 42 0
4214368 branch 88.96569 52029 0
4214370 branch 97.230934 45534 0
4210303 store 793.7143 42 0
4210177 load 477.13095 84 1
4214275 nop 45.0687 3927 0
4210179 load 470.25 84 1
4210181 load 480.14285 84 1
4210183 load 499.08734 126 1
4214280 store 46.018448 101204 0
4216330 load 84.93237 8168 8
4214285 integerALU 54.237778 101204 0
4216335 load 46.034565 2721 8
4214288 branch 54.256897 101189 0
4210192 integerALU 762.7381 42 0
4210194 integerALU 759.8333 42 0
4216340 load 80.79043 5443 8
4210197 branch 759.8333 42 0
4214294 mov 39.445854 97542 0
4210199 mov 836.5714 42 0
4214297 mov 26.625494 97518 0
4216345 branch 78.93705 2721 0
4216347 integerALU 211.8077 78 0
4214300 integerALU 43.926685 292569 0
4210205 jump 836.5714 42 0
4214303 integerALU 54.726036 97513 0
4216351 load 244.859 156 8
4210208 load 368.07144 42 42
4216352 load 243.6282 156 8
4216353 load 252.15387 156 8
4214306 branch 54.745487 97516 0
4216355 load 251.6538 156 8
4214308 jump 57.209755 90791 0
4210212 integerALU 377.28574 42 0
4216357 load 249.46156 156 8
4210215 branch 377.28574 42 0
4216359 load 260.56494 154 8
4210217 load 385.45 40 40
4216361 load 262.9743 234 8
4210221 integerALU 595.40967 83 1
4210224 branch 383.88095 42 0
4210226 store 802.3571 42 0
4210229 mov 370.7619 42 0
4210232 store 802.381 42 0
4210239 load 356.26834 41 41
4210369 branch 835.5714 42 0
4216519 store 43.007347 3667 0
4216524 integerALU 21.867878 3671 0
4216528 mov 39.096863 3666 0
4216531 mov 39.971672 3666 0
4216534 load 15.995626 3667 15
4214488 integerALU 33.469112 6480 0
4216539 integerALU 48.44242 3664 0
4214491 branch 33.479435 6491 0
4216542 integerMul 16.345455 3668 0
4214497 load 19.384756 6477 14
4216546 integerALU 39.14107 3671 0
4214500 integerALU 19.594273 6482 0
4216549 store 43.051785 3667 0
4214502 branch 19.687557 6488 0
4214504 load 34.245243 6483 82
4210408 mov 21.66667 42 0
4216554 integerALU 39.47139 3668 0
4210411 jump 826.7857 42 0
4214508 load 34.277912 6483 143
4216557 branch 39.552105 3666 0
4214512 store 34.330048 6491 0
4216563 load 42.23043 3662 15
4214516 store 34.458645 6484 0
4216567 mov 21.762465 3671 0
4214520 integerALU 25.468683 6484 0
4216570 store 43.322845 3670 0
4214523 store 27.0774 6486 0
4216574 load 41.013577 14079 15
4210306 load 627.68256 126 1
4210360 load 21.66667 42 42
4210364 load 609.2501 84 1
4216641 branch 46.952118 7802 0
4210512 integerALU 606.1665 84 0
4210514 mov 621.3571 42 0
4210520 integerALU 613.0119 83 0
4210522 integerALU 377.7619 42 0
4210525 integerALU 608.1191 84 0
4210526 mov 616.7857 42 0
4210529 integerALU 612.0953 84 0
4210530 integerALU 616.66675 42 0
4210534 load 188.88095 42 1
4216679 load 43.486134 21132 15
4216683 load 30.744951 7051 15
4216687 load 35.669888 14087 15
4210543 store 616.66675 42 0
4216692 branch 35.980736 7042 0
4210548 integerALU 188.88095 42 0
4216694 integerALU 9.511702 3670 0
4210550 load 12.619047 42 1
4216698 load 27.210752 7326 15
4216699 load 16.658218 7333 15
4216700 load 29.63739 7333 15
4210557 nop 621.7317 41 0
4216702 load 29.213991 7332 15
4216579 branch 39.41815 7045 0
4214531 integerALU 27.325436 97262 0
4216581 mov 19.289183 7043 0
4214534 jump 55.84836 97269 0
4216584 jump 48.610584 7041 0
4216592 load 41.29309 7798 145
4216597 load 39.707478 7803 145
4216601 store 41.574463 7799 0
4216606 store 41.734688 7801 0
4216610 mov 31.495216 7798 0
4216613 load 42.388077 15599 15
4216618 branch 41.19118 7792 0
4216620 mov 24.460312 11362 0
4216623 integerALU 24.76759 11358 0
4216628 mov 28.343382 11378 0
4216631 integerALU 37.5484 34109 0
4216634 integerALU 45.369385 11368 0
4216636 branch 45.485558 11370 0
4216638 integerALU 46.912884 7790 0
4214764 branch 56.236248 90796 0
4216704 load 26.172182 7335 15
4210560 load 155.35822 2512 1
4216706 load 24.185442 7334 15
4210563 load 157.43651 2514 8
4216708 load 29.830452 11000 15
4210566 load 218.47438 5024 84
4210571 branch 277.9813 2514 0
4210577 store 278.3954 2516 0
4210582 integerALU 186.25111 2517 0
4210585 integerALU 277.7358 2517 0
4210589 branch 277.97937 2516 0
