4812873 load 854.0 1 1
5273685 load 125.20272 3295 1
4812891 load 712.0 1 1
4812906 load 712.0 1 1
4429920 load 303.56458 29184 1
140191627286414 load 75.14286 35 1
4812901 load 336.0 1 1
5273697 load 141.77937 3278 1243
4812922 load 712.0 1 1
5273700 load 147.50343 9831 1
4429940 load 313.5839 58368 29184
4429947 load 566.0 6 6
4812809 load 712.0 1 1
5269523 load 235.2 15 1
4812813 load 0.0 1 1
5234697 load 320.65765 58340 1
4812802 load 0.0 1 1
4821016 load 2347.5 2 1
4429840 load 304.56754 29184 29184
4821009 load 2172.0 1 1
5234710 load 320.1668 29170 1
5269515 load 366.73334 15 1
4812842 load 335.0 1 1
4812846 load 0.0 1 1
4821025 load 2156.0 1 1
4812835 load 1041.0 1 1
5234725 load 241.73073 58340 11072
4821048 load 498.0 1 1
4812858 load 712.0 1 1
4429872 load 312.5411 58368 29184
4821055 load 1800.6666 3 1
4812862 load 2.0 1 1
4821041 load 498.0 1 1
4812850 load 712.0 1 1
4813006 load 712.0 1 1
4812995 load 712.0 1 1
5263552 load 153.85072 6595 1253
4430034 load 91.90508 29177 1
5230828 load 309.54205 29171 11073
4430054 load 181.0 1 1
140191627788036 load 10.5 2 1
5230821 load 308.44742 29171 11073
140191627788032 load 12.0 1 1
140191627788033 load 12.0 1 1
140191627788034 load 12.0 1 1
5230845 load 310.77744 29171 1
4430064 load 319.2373 29183 2
4831485 load 2566.0 1 1
4812947 load 1.0 1 1
5273778 load 408.15 20 1
5230759 load 276.48038 58344 11073
4429997 load 302.6066 29184 29184
4812966 load 1.0 1 1
5273760 load 145.0773 6594 1
5273761 load 146.95827 9892 1
4812987 load 712.0 1 1
4430001 load 301.85593 29184 29183
4812991 load 1359.0 1 1
4430015 load 308.43567 58367 29184
5263535 load 153.14621 3299 1253
4430160 load 313.21494 29182 29182
4430165 load 251.8996 29182 29182
140191627284157 load 66.80556 36 3
140191627284156 load 73.388885 36 2
140191627284158 load 73.388885 36 3
140191627787918 load 12.0 1 1
4430182 load 254.70064 29182 1
140191627787906 load 12.0 1 1
4430189 load 254.81412 29182 1
140191627787927 load 12.0 1 1
140191627282074 load 12.0 1 1
5230862 load 313.35843 87513 1
4430095 load 313.12958 29182 29182
4831505 load 2700.5 2 1
5230871 load 309.71985 87513 1
5538061 load 45.099995 70 2
5230870 load 304.85355 58342 1
5538062 load 50.695236 105 2
140191627284164 load 73.388885 36 3
140191627284166 load 71.666664 72 3
140191627284160 load 73.388885 36 3
140191627284162 load 73.388885 36 3
140191627787812 load 12.0 1 1
4555217 load 88.0 2 1
140191627281971 load 11.0 3 1
140191627787829 load 10.5 2 1
140191627281980 load 12.0 1 1
4430308 load 1343.3334 3 1
4555241 load 88.0 2 2
4555252 load 701.5 4 1
140191627281951 load 12.0 1 1
5224945 load 2141.0 1 1
140191627282023 load 12.0 1 1
5265815 load 160.84416 3300 1252
4831630 load 2699.0 1 1
5265822 load 134.08862 6594 839
4831642 load 1013.0 1 1
140191627282040 load 12.0 1 1
4831657 load 1599.5 2 1
4831656 load 1600.0 2 1
4831658 load 1599.0 2 1
140191627281985 load 12.0 1 1
4831660 load 1598.5 2 1
4555168 load 443.0 2 1
4831662 load 1598.0 2 1
140191627281997 load 12.0 1 1
4831649 load 1013.0 1 1
4555180 load 82.0 2 1
140191627282004 load 12.0 1 1
4555191 load 82.0 2 1
4831664 load 1597.5 2 1
4430265 load 234.0 1 1
4831666 load 1905.0 3 1
5538217 load 234.0 3 1
5227083 load 1767.0 4 1
5222985 load 1768.5 2 1
4430408 load 369.0 6 1
5229154 load 72.46667 15 1
5227134 load 18.8 20 1
5538400 load 232.32811 87530 1
5268078 load 142.44106 3298 1252
5223024 load 1734.5 2 1
4555269 load 709.5 4 1
140191627281892 load 12.0 1 1
4430336 load 14.666667 3 3
4555270 load 709.0 6 1
140191627281888 load 12.0 1 1
4430345 load 15.666667 3 1
4813338 load 1352.5 2 1
4430359 load 75.0 3 3
140191627283911 load 75.27778 36 1
4813345 load 640.0 1 1
5268030 load 132.48093 3298 1253
4813370 load 1350.0 1 1
5227062 load 1820.0 2 1
5222965 load 2026.5 2 1
4813362 load 1349.0 1 1
4430399 load 227.33333 3 3
5227056 load 2026.5 2 1
5268183 load 153.97551 6597 1
4831943 load 126.16349 3296 414
5227225 load 424.5 20 1
4831952 load 139.14462 6592 1252
4428505 load 41.0 1 1
5227235 load 641.49994 60 1
4428526 load 179.5 2 1
4428525 load 180.0 2 1
4831974 load 133.13661 3296 414
5227232 load 566.2632 19 19
4428524 load 157.5 2 1
4428528 load 179.0 3 1
5229305 load 268.6667 30 1
5223161 load 2706.0 1 1
5227254 load 413.22034 59 1
4428536 load 41.0 1 1
5223048 load 1741.0 2 1
5229189 load 44.2 30 1
5229185 load 44.6 15 1
4831878 load 127.70066 3299 1
4428436 load 174.0 1 1
5223062 load 1734.5 2 1
4831929 load 140.1308 6594 1
5268131 load 142.86479 3296 1253
4813647 load 1349.0 1 1
4832088 load 2703.5 2 1
4832080 load 2700.0 1 1
5237609 load 682.0 2 1
5268351 load 146.31146 3298 839
5268321 load 151.31638 6594 1
5237629 load 845.0 2 1
5237618 load 1363.0 1 1
4428669 load 310.28235 29183 29183
5223182 load 1857.5 2 1
5223180 load 1858.0 2 1
4428544 load 62.0 1 1
5223178 load 1352.0 2 1
5229321 load 237.2 45 1
5223177 load 1352.5 2 1
5223176 load 1353.0 2 1
5229319 load 203.83333 30 1
5229317 load 151.16667 30 1
5229315 load 260.4 30 1
5229314 load 198.76666 30 1
4428563 load 85.0 1 1
5268225 load 111.91612 6596 1
5268226 load 110.97848 6596 1
5268227 load 151.61365 6592 1
5268229 load 152.18994 6595 1
5268231 load 152.66492 6596 1
5268233 load 152.83878 6596 1
5268235 load 154.05348 9894 1
5223186 load 2135.6667 3 1
4428574 load 86.0 1 1
5223184 load 1857.0 2 1
140191627283664 load 77.0 35 1
4813616 load 444.0 1 1
4813623 load 905.0 2 1
140191627285560 load 12.0 1 1
5237645 load 1337.0 1 1
4813706 load 1352.0 2 1
4813703 load 1350.0 1 1
5237656 load 455.0 3 1
5268362 load 145.90756 3296 1
5268407 load 139.61777 3299 1
5237667 load 1186.0 3 1
5237666 load 643.0 2 1
5268392 load 146.8597 3299 1
140191627283550 load 1355.0 1 1
5235791 load 277.90585 58342 1
5235790 load 277.8013 58342 1
5235789 load 272.80893 58342 1
5262423 load 143.65485 3299 1253
5235799 load 306.14276 87513 1
5235797 load 274.01584 58342 1
5235795 load 278.19983 58342 1
5235793 load 277.97534 58342 1
140191627281294 load 12.0 1 1
140191627281302 load 12.0 1 1
140191627281381 load 12.0 1 1
140191627281383 load 10.5 2 1
140191627281377 load 12.0 1 1
4832268 load 2694.0 1 1
140191627281379 load 12.0 1 1
4832273 load 2696.5 2 1
4428835 load 336.83334 6 1
4428834 load 436.66666 6 1
140191627283399 load 113.0 36 1
4428838 load 747.8333 6 1
4428836 load 482.2 5 1
4428840 load 746.44446 9 1
5262398 load 145.77914 3296 1
5235770 load 311.44238 58341 1
140191627281373 load 12.0 1 1
140191627281375 load 12.0 1 1
5235765 load 317.01166 29171 1
140191627281374 load 12.0 1 1
4428994 load 223.25871 29172 11073
4203728 load 103.77779 72 1
4429020 load 304.29858 29181 29181
140191627285253 load 70.65714 35 2
4429039 load 308.21686 58358 2
4429038 load 308.4818 58358 2
4429037 load 307.78964 58358 2
4429043 load 311.87936 87537 2
4429041 load 310.84113 58358 2
140191627285265 load 72.117645 34 1
5262486 load 143.2833 3298 1253
4361366 load 370.33334 9 1
5262469 load 86.84564 3298 1252
140191627281278 load 12.0 1 1
4428985 load 51.97281 29172 29172
140191627281070 load 12.0 1 1
140191627281074 load 12.0 1 1
5262705 load 155.9503 3296 1253
5264755 load 1349.0 1 1
5262708 load 145.11229 3298 1253
5264763 load 1348.0 1 1
5264745 load 1354.0 1 1
5264751 load 1349.0 1 1
140191627281097 load 12.0 1 1
140191627285027 load 73.67647 34 34
140191627285044 load 12.0 1 1
140191627293189 load 113.305565 36 1
5264886 load 102.624985 3296 1253
5264890 load 125.83944 3297 1253
5264894 load 107.66473 3299 838
5234144 load 206.9821 29172 11073
4212210 load 138.71654 3298 1
140191627293206 load 113.305565 72 1
140191627285019 load 74.583336 36 1
140191627280993 load 12.0 1 1
140191627281003 load 12.0 1 1
140191627281013 load 12.0 1 1
5234110 load 323.30875 29171 1
140191627293088 load 68.169014 71 1
4212300 load 146.08936 3299 1
4212305 load 140.27 6595 1
140191627284912 load 237.0 2 2
4212315 load 132.76593 3298 1
4212319 load 130.36174 3296 1
5265015 load 153.56657 3298 1252
140191627284872 load 74.69444 36 2
5265022 load 153.21405 3297 1252
140191627293072 load 73.388885 36 1
5264998 load 103.48534 3299 838
5265002 load 109.79754 9889 3292
5265007 load 153.3508 3298 1253
140191627284960 load 237.0 2 1
140191627293173 load 59.5 72 3
140191627293172 load 61.13889 36 3
5264898 load 124.74319 6596 3294
140191627293171 load 61.083332 36 2
5264909 load 157.09258 3298 1253
140191627293123 load 60.02778 36 36
4212284 load 132.10913 3298 1
5263040 load 137.31067 6596 1
5263041 load 133.21892 6598 2
5263042 load 136.917 6596 2
140191627292982 load 116.638885 36 1
5263044 load 132.73405 6599 2
5234395 load 55.37531 29171 11072
5263046 load 135.91837 6597 2
5263048 load 131.3239 6597 1
140191627292989 load 118.2 35 1
5263050 load 135.26642 9896 1
5316320 load 1348.0 1 1
5234424 load 204.77032 29171 11072
5316331 load 1343.0 2 1
4429560 load 648.7778 18 9
5316249 load 842.0 1 1
140191627284852 load 74.888885 36 3
5265029 load 154.51276 9891 1253
5316239 load 904.5 2 1
140191627293001 load 118.083336 36 1
4212405 load 143.69884 6596 1
140191627293011 load 118.083336 36 1
5263016 load 150.14484 3298 1
5316265 load 1356.0 1 1
140191627293020 load 116.457146 35 1
5263021 load 147.5296 6597 1
5316268 load 1361.0 3 1
5234501 load 250.90512 29170 11072
4212569 load 148.02501 3298 1
4212578 load 128.7835 6595 1
4212579 load 128.98305 6596 1
4212580 load 127.73279 6593 1
4212582 load 124.04156 6596 1
4212588 load 134.20161 6596 1
4212590 load 136.46364 9894 1
4820859 load 2702.0 1 1
4820852 load 1440.0 1 1
5316369 load 1354.3334 3 1
5234442 load 207.43805 29171 7409
5316381 load 1341.0 2 1
5316380 load 1341.5 2 1
5316382 load 1341.6666 3 1
5316355 load 1343.0 1 1
5234460 load 56.5066 29171 29171
5234476 load 240.81601 29171 11071
5263159 load 104.32776 3298 1253
5263163 load 105.585625 3299 838
5263167 load 105.704155 3299 838
5234490 load 282.08533 58342 7408
5234487 load 239.56609 29171 11072
4833074 load 2699.0 1 1
140191627307226 load 10.5 2 1
4820932 load 1469.0 1 1
4812766 load 534.0 1 1
4820946 load 2523.0 1 1
4812780 load 534.0 1 1
4812773 load 2702.0 1 1
4429807 load 203.81891 58353 1
4429806 load 208.25757 58354 1
4820967 load 1846.0 1 1
4429805 load 209.37364 58353 1
4429811 load 201.7943 58353 1
4820987 load 1469.0 1 1
4429809 load 206.10794 58354 1
4820991 load 2177.0 1 1
4429813 load 203.88943 58354 1
4820979 load 1469.0 1 1
4820891 load 0.0 1 1
4820902 load 1028.0 1 1
4820923 load 1976.6666 3 1
4820916 load 0.0 1 1
