5273680 integerALU 141.69366 6592 0
4812873 load 854.0 1 1
5273681 integerALU 149.73666 3298 0
5273685 load 125.20272 3295 1
4812866 store 1363.0 1 0
5273692 integerALU 139.94492 3295 0
5273695 branch 140.40565 3296 0
4812891 load 712.0 1 1
4812895 store 1363.0 1 0
4812880 integerALU 428.0 2 0
4812884 store 1363.0 1 0
5273715 store 144.82608 3296 0
140191627286406 store 75.14286 35 0
4812906 load 712.0 1 1
4429920 load 303.56458 29184 1
4429927 integerALU 305.1164 29184 0
4812911 mov 336.0 1 0
140191627286402 store 75.14286 35 0
4429930 branch 305.3791 29184 0
5273722 store 145.00868 3297 0
140191627286414 load 75.14286 35 1
4812901 load 336.0 1 1
5273697 load 141.77937 3278 1243
4429937 mov 316.42343 29184 0
140191627286422 branch 71.74286 35 0
4812922 load 712.0 1 1
5273700 load 147.50343 9831 1
4812926 integerALU 1363.0 1 0
4429940 load 313.5839 58368 29184
4812913 integerALU 1363.0 1 0
4429947 load 566.0 6 6
4429945 branch 320.74002 29184 0
5273708 store 146.00073 3277 0
4812917 store 1363.0 1 0
4429951 integerALU 763.0 6 0
5269520 mov 276.13333 15 0
4812809 load 712.0 1 1
4429826 mov 312.1578 29179 0
5269523 load 235.2 15 1
4821002 store 2523.0 1 0
4812813 load 0.0 1 1
5234697 load 320.65765 58340 1
5269528 jump 394.06668 15 0
4429833 nop 320.45255 29179 0
5234693 store 252.12204 29170 0
4812802 load 0.0 1 1
5234691 integerALU 320.97076 29170 0
4820998 integerALU 1823.0 2 0
5269505 store 127.86665 15 0
4821016 load 2347.5 2 1
4812827 integerALU 712.0 2 0
5234717 integerALU 238.04387 58340 1
4429840 load 304.56754 29184 29184
5269510 integerALU 118.066666 45 0
4821023 branch 2172.0 1 0
4812831 integerALU 356.0 2 0
4429845 mov 317.73553 29184 0
4821009 load 2172.0 1 1
4812817 integerALU 713.0 1 0
5234710 load 320.1668 29170 1
5269515 load 366.73334 15 1
4429848 integerALU 316.96173 29184 0
4812820 store 1359.0 1 0
4429854 integerALU 319.62238 29184 0
4812823 integerALU 712.5 2 0
5234704 branch 321.09485 29170 0
4821033 branch 2156.0 1 0
4812842 load 335.0 1 1
5234731 integerALU 240.09871 58340 0
4812846 load 0.0 1 1
4429860 branch 319.92484 29184 0
5234728 store 243.51968 29170 0
4821025 load 2156.0 1 1
4429866 store 320.2367 29184 0
4812835 load 1041.0 1 1
5234725 load 241.73073 58340 11072
4821031 integerALU 2156.0 1 0
4821048 load 498.0 1 1
4821051 integerALU 0.0 1 0
4812858 load 712.0 1 1
4429872 load 312.5411 58368 29184
4429879 integerALU 1354.0 1 0
4821055 load 1800.6666 3 1
4429877 branch 320.01767 29184 0
4812862 load 2.0 1 1
4821041 load 498.0 1 1
5230647 branch 325.8302 29172 0
5234742 branch 254.03326 29171 0
4812850 load 712.0 1 1
5230644 integerALU 325.62497 29172 0
5234739 integerALU 253.80745 29171 0
4429885 branch 1354.0 1 0
5230641 mov 51.05179 29172 0
4812854 integerALU 688.0 2 0
5230640 integerALU 315.93872 58344 0
4430019 branch 315.42944 29184 0
5230797 mov 323.01596 29172 0
4430021 mov 84.7115 29178 0
4813006 load 712.0 1 1
5230790 integerALU 327.5258 29172 0
4812995 load 712.0 1 1
4430024 store 309.53345 29178 0
5230788 integerALU 325.09125 29172 0
4812999 store 1360.0 1 0
4430029 integerALU 306.35553 87533 0
5230785 mov 325.84824 29172 0
5263552 load 153.85072 6595 1253
4430034 load 91.90508 29177 1
5230813 mov 49.268314 29172 0
4813018 branch 1362.0 1 0
4430039 mov 91.2606 29177 0
5230811 branch 327.3177 29172 0
5263559 branch 154.6372 3298 0
4430042 integerALU 304.5255 29176 0
140191627286334 store 10.5 2 0
4813010 store 1359.0 1 0
5230804 integerALU 327.17935 29172 0
4430047 nop 713.5 2 0
5230802 branch 326.0707 29172 0
4813015 integerALU 1362.0 1 0
4430045 branch 304.57803 29177 0
140191627282234 store 12.0 1 0
5230800 integerALU 324.68274 29172 0
5230831 store 310.58698 29171 0
4430048 integerALU 320.01718 29183 0
5230828 load 309.54205 29171 11073
5538032 integerALU 84.542854 35 0
5230826 branch 309.5135 29171 0
4430054 load 181.0 1 1
5538035 mov 65.88571 35 0
4430052 branch 320.2622 29183 0
5230824 integerALU 309.52036 29171 0
140191627788036 load 10.5 2 1
4430059 store 179.0 1 0
5538045 integerALU 75.87499 104 0
4813024 integerALU 1362.0 1 0
4813027 branch 1362.0 1 0
5230821 load 308.44742 29171 11073
5538040 integerALU 75.028984 69 0
140191627788032 load 12.0 1 1
5538041 mov 82.60001 35 0
140191627788033 load 12.0 1 1
140191627788034 load 12.0 1 1
5230816 integerALU 320.7391 87515 0
5230845 load 310.77744 29171 1
4430064 load 319.2373 29183 2
4831485 load 2566.0 1 1
5230843 branch 317.2327 29171 0
4430070 integerALU 320.08838 29183 0
5230838 integerALU 317.21832 29171 0
4430076 integerALU 321.0993 29183 0
4429954 branch 763.0 6 0
4812942 integerALU 0.0 1 0
4812929 store 1363.0 1 0
5273753 integerALU 135.04286 3296 0
140191627286377 store 75.14286 35 0
5273757 mov 128.74516 3298 0
4812935 store 1363.0 1 0
5273729 store 145.02994 3298 0
4812955 integerALU 1362.0 1 0
4429968 integerALU 777.8333 6 0
4429975 branch 780.8333 6 0
4429972 integerALU 780.8333 6 0
5263496 integerALU 154.18306 3298 0
5273736 integerALU 132.26804 3295 0
4812945 branch 0.0 1 0
4812947 load 1.0 1 1
5273739 branch 132.19789 3295 0
4429981 integerALU 595.6667 6 0
5263503 branch 153.99554 3298 0
4812950 integerALU 1363.0 1 0
5230766 branch 325.5557 29172 0
5263538 integerALU 155.19936 3296 0
5273778 load 408.15 20 1
4429985 integerALU 595.25 12 0
140191627286342 branch 9.0 1 0
4812970 integerALU 2.0 1 0
4812973 branch 2.0 1 0
4812975 mov 1.0 1 0
4429989 mov 218.83333 6 0
5273783 mov 451.15 20 0
140191627282242 store 12.0 1 0
4429995 branch 350.0 6 0
5230759 load 276.48038 58344 11073
5263545 integerALU 153.19629 3297 0
4812960 branch 1362.0 1 0
5273786 jump 639.7 20 0
4429992 integerALU 350.0 6 0
5263548 store 154.83076 3298 0
4429997 load 302.6066 29184 29184
4812966 load 1.0 1 1
5230752 store 228.55495 29172 0
5273760 load 145.0773 6594 1
5273761 load 146.95827 9892 1
5263522 integerALU 154.15758 3298 0
4812987 load 712.0 1 1
4430001 load 301.85593 29184 29183
140191627282256 branch 9.0 1 0
5230778 integerALU 326.8933 29172 0
4812991 load 1359.0 1 1
4430005 integerALU 315.59412 29183 0
5273768 store 77.45 20 0
5230775 mov 323.23694 29172 0
5263529 branch 154.62457 3298 0
4430009 integerALU 316.1062 29184 0
4812978 store 1363.0 1 0
4430015 load 308.43567 58367 29184
5273773 integerALU 77.11667 60 0
4430013 branch 316.23053 29184 0
5263535 load 153.14621 3299 1253
4812982 integerALU 1056.3334 3 0
5230768 integerALU 326.64258 29172 0
140191627282085 store 12.0 1 0
5263696 integerALU 1354.0 1 0
5263703 branch 1354.0 1 0
140191627787941 branch 9.0 1 0
140191627787943 branch 9.0 1 0
140191627282089 branch 9.0 1 0
4430160 load 313.21494 29182 29182
4430165 load 251.8996 29182 29182
140191627284157 load 66.80556 36 3
140191627787956 branch 9.0 1 0
140191627284156 load 73.388885 36 2
4813136 integerALU 1349.6666 3 0
4430169 integerALU 317.36667 29181 0
140191627284158 load 73.388885 36 3
4430173 integerALU 317.4603 29182 0
140191627787918 load 12.0 1 1
4430177 store 314.42352 29182 0
140191627787913 store 12.0 1 0
4430182 load 254.70064 29182 1
140191627787914 store 12.0 1 0
140191627282050 store 12.0 1 0
4430186 store 314.25677 29181 0
140191627787904 store 12.0 1 0
140191627282057 branch 9.0 1 0
140191627787906 load 12.0 1 1
4430189 load 254.81412 29182 1
4430193 store 256.21207 29182 0
140191627787935 branch 9.0 1 0
140191627282065 branch 9.0 1 0
4430197 integerALU 317.14075 29182 0
4430203 integerALU 317.01816 29182 0
140191627787925 branch 9.0 1 0
4430201 branch 317.25552 29181 0
140191627787927 load 12.0 1 1
4430207 store 257.08774 29182 0
140191627282074 load 12.0 1 1
4831497 branch 2702.0 1 0
5230862 load 313.35843 87513 1
4430081 branch 321.31174 29183 0
4430087 mov 62.146503 29183 0
4831503 integerALU 2566.0 1 0
5230855 store 312.0796 29171 0
4430090 integerALU 317.91547 87549 0
5230852 store 310.76678 29171 0
4430095 load 313.12958 29182 29182
4831492 integerALU 2702.0 1 0
5538053 integerALU 54.485714 35 0
4831517 branch 2702.0 1 0
4430102 branch 318.0049 29182 0
5538050 mov 22.514286 35 0
140191627788027 branch 9.0 1 0
4430100 integerALU 317.96063 29181 0
140191627788020 store 10.5 2 0
4831505 load 2700.5 2 1
5230871 load 309.71985 87513 1
5538061 load 45.099995 70 2
5230870 load 304.85355 58342 1
5538062 load 50.695236 105 2
5538056 branch 54.485714 35 0
5538058 mov 22.514286 35 0
4831510 store 2700.0 1 0
140191627284164 load 73.388885 36 3
140191627284166 load 71.666664 72 3
140191627284160 load 73.388885 36 3
140191627284162 load 73.388885 36 3
4430120 integerALU 317.4349 29181 0
4430124 branch 317.45062 29182 0
4430130 integerALU 408.0 10 1
4430134 integerALU 745.4 5 0
4430138 integerALU 698.6 5 0
4430141 branch 698.6 5 0
4430273 jump 237.0 1 0
140191627281958 store 12.0 1 0
140191627787819 store 12.0 1 0
140191627787812 load 12.0 1 1
4813248 integerALU 1041.0 1 0
4555212 integerALU 698.0 2 0
4813251 branch 1041.0 1 0
4555215 branch 698.0 2 0
140191627281966 store 12.0 1 0
140191627787810 branch 9.0 1 0
4430288 integerALU 1354.0 1 0
4555217 load 88.0 2 1
4430294 branch 1354.0 1 0
140191627281971 load 11.0 3 1
140191627787829 load 10.5 2 1
140191627281980 load 12.0 1 1
4555228 integerALU 87.0 2 0
4555231 branch 87.0 2 0
4430296 integerALU 1354.0 1 0
4430302 branch 1354.0 1 0
4555224 integerALU 212.75 4 1
140191627787827 branch 9.0 1 0
4555239 branch 712.0 2 0
5224939 branch 2140.0 1 0
4555233 integerALU 712.0 2 0
5224936 integerALU 2140.0 1 0
4430308 load 1343.3334 3 1
4555244 integerALU 712.0 2 0
4430313 branch 1354.0 1 0
4555241 load 88.0 2 2
5224958 integerALU 2707.0 1 0
4555252 load 701.5 4 1
5224952 branch 2706.0 1 0
4555250 branch 712.0 2 0
4555260 integerALU 186.0 1 0
140191627281951 load 12.0 1 1
5224949 integerALU 2706.0 1 0
4555263 store 175.0 1 0
5224945 load 2141.0 1 1
4555258 branch 698.0 2 0
5538196 integerALU 1351.0 1 0
4430211 jump 318.46716 29182 0
140191627282023 load 12.0 1 1
5538199 branch 1351.0 1 0
5538192 integerALU 1353.0 1 0
5265815 load 160.84416 3300 1252
4831630 load 2699.0 1 1
5265818 integerALU 106.62487 3300 0
140191627282031 branch 9.0 1 0
5265822 load 134.08862 6594 839
4831642 load 1013.0 1 1
4831635 store 2700.0 1 0
140191627282040 load 12.0 1 1
4831657 load 1599.5 2 1
4831656 load 1600.0 2 1
140191627281991 branch 9.0 1 0
4555175 integerALU 443.0 2 0
4831658 load 1599.0 2 1
4430240 integerALU 1351.0 1 0
140191627281985 load 12.0 1 1
4430247 store 1354.0 1 0
5538224 integerALU 1349.0 1 0
4831660 load 1598.5 2 1
4555168 load 443.0 2 1
4831662 load 1598.0 2 1
4430244 mov 1349.0 1 0
5538227 branch 1349.0 1 0
140191627281997 load 12.0 1 1
4831649 load 1013.0 1 1
4555180 load 82.0 2 1
4831652 integerALU 498.0 1 0
4430252 integerALU 1351.0 2 0
4555178 branch 443.0 2 0
140191627282004 load 12.0 1 1
5538213 integerALU 230.0 1 0
4555188 mov 338.5 2 0
5265826 branch 107.03396 3299 0
4555191 load 82.0 2 1
5224891 integerALU 1351.6666 3 0
4555187 integerALU 709.5 4 0
5224888 mov 1329.0 1 0
4430260 integerALU 1353.6666 3 0
5265832 jump 163.0413 3296 0
4831664 load 1597.5 2 1
4430265 load 234.0 1 1
4831666 load 1905.0 3 1
4555198 branch 82.0 2 0
5538217 load 234.0 3 1
4430270 mov 236.0 1 0
4555195 integerALU 82.0 2 0
140191627282010 branch 9.0 1 0
5222991 store 2030.0 2 0
4430403 integerALU 372.55554 9 0
5268049 mov 137.55817 3298 0
4813384 integerALU 1354.0 1 0
4813387 branch 1354.0 1 0
5268051 mov 141.88815 3296 0
5227083 load 1767.0 4 1
5538384 integerALU 314.04895 29177 0
5268054 integerALU 134.88127 6593 0
5222985 load 1768.5 2 1
5227080 integerALU 1823.5 4 1
5538387 branch 314.17477 29177 0
4813378 branch 1354.0 1 0
4430408 load 369.0 6 1
5222979 branch 2030.0 2 0
4430415 branch 369.0 3 0
5268062 integerALU 151.76176 3298 0
5227072 store 2026.5 2 0
5222976 integerALU 2030.0 2 0
5268033 mov 133.26334 3299 0
5268037 integerALU 150.41765 3298 0
5227096 jump 2031.0 2 0
5268040 branch 150.59634 3298 0
5268046 mov 140.68236 3297 0
5227089 branch 1767.0 2 0
5268082 store 152.24281 3299 0
5229165 mov 124.73333 15 0
5229163 integerALU 112.666664 30 0
5223018 branch 2080.3333 3 0
5229161 integerALU 111.73333 30 0
5268087 integerALU 152.35823 3297 0
5223016 integerALU 2080.3333 3 0
5268091 branch 152.33917 3299 0
5229154 load 72.46667 15 1
5223009 nop 2031.0 2 0
5229152 integerALU 112.23332 30 0
5268065 branch 152.05127 3298 0
5227134 load 18.8 20 1
5229179 branch 80.26667 15 0
5538400 load 232.32811 87530 1
5223034 store 2026.5 2 0
5227129 integerALU 76.694916 59 0
5229176 integerALU 80.26667 15 0
5223031 integerALU 2029.0 2 0
5229173 mov 90.26667 15 0
5227124 mov 77.4 20 0
5229172 integerALU 86.0 29 0
5235315 branch 253.56352 29171 0
5268078 load 142.44106 3298 1252
5229169 mov 113.2 15 0
5227120 integerALU 77.57895 19 0
5229168 integerALU 112.166664 30 0
5223024 load 1734.5 2 1
5235312 integerALU 253.36041 29171 0
4555269 load 709.5 4 1
140191627281892 load 12.0 1 1
4430336 load 14.666667 3 3
4555270 load 709.0 6 1
5538320 mov 1352.0 1 0
4430343 branch 14.666667 3 0
140191627281888 load 12.0 1 1
5538323 integerALU 1353.6666 3 0
4430340 integerALU 14.666667 3 0
5224965 jump 2707.0 1 0
4430345 load 15.666667 3 1
5538328 integerALU 236.0 1 0
4430351 branch 228.66667 3 0
5224961 store 2141.0 1 0
5538331 branch 236.0 1 0
4430348 integerALU 228.66667 3 0
5263872 mov 139.37958 3300 0
4430353 integerALU 229.66667 3 0
140191627281910 branch 9.0 1 0
4813338 load 1352.5 2 1
4555286 store 88.0 2 0
4430359 load 75.0 3 3
5263877 integerALU 152.23409 3297 0
4555280 integerALU 713.0 2 0
4430356 store 15.666667 3 0
4430363 store 219.66667 3 0
5263881 branch 151.99689 3297 0
4813331 store 1352.0 1 0
4555289 jump 713.0 2 0
5263887 jump 152.96599 3297 0
5268016 integerALU 146.29573 6596 0
5222959 integerALU 2028.0 2 0
4430371 integerALU 75.0 3 0
5222958 integerALU 2018.5 4 0
5268018 integerALU 146.19067 6597 0
140191627283911 load 75.27778 36 1
5222956 mov 1820.0 2 0
5268020 integerALU 145.82198 6595 0
5222955 integerALU 2019.0 4 0
4813356 branch 1354.0 1 0
4430374 mov 229.66667 3 0
5268022 integerALU 145.47719 6597 0
5222953 integerALU 2019.5 4 0
5268024 integerALU 144.97879 6592 0
5222951 integerALU 2020.0 4 0
4813345 load 640.0 1 1
5268025 integerALU 144.6173 6596 0
5268026 integerALU 150.29338 3298 0
5222949 integerALU 2020.5 4 0
4430377 integerALU 229.66667 3 0
140191627283918 branch 71.138885 36 0
4813349 store 640.0 1 0
5222946 integerALU 2025.5 2 0
5268030 load 132.48093 3298 1253
4430381 mov 228.33333 3 0
5222944 integerALU 2021.0 4 0
4813368 branch 1349.0 1 0
4430386 branch 374.33334 3 0
5227069 integerALU 1827.0 2 0
5222972 store 2030.0 2 0
4813370 load 1350.0 1 1
4430384 integerALU 339.0 2 0
4813373 integerALU 1354.0 1 0
5227062 load 1820.0 2 1
5222965 load 2026.5 2 1
4813362 load 1349.0 1 1
4813365 integerALU 1349.0 1 0
4430399 load 227.33333 3 3
5222961 integerALU 2026.5 2 0
5227056 load 2026.5 2 1
5227215 store 609.85 20 0
5229262 integerALU 25.933332 15 0
4831947 integerALU 129.22025 3297 0
5223117 integerALU 2030.0 2 0
4428487 integerALU 187.0 1 0
5268183 load 153.97551 6597 1
4831950 branch 129.3079 3296 0
5223111 store 2026.5 2 0
5229254 integerALU 98.0 30 0
4428490 store 86.0 1 0
140191627283759 store 77.02778 36 0
5223109 integerALU 2029.0 2 0
5268187 branch 158.55658 3298 0
5227204 store 609.85 20 0
4831940 mov 149.45726 3298 0
5227202 branch 109.40774 3354 0
5229250 integerMul 74.53333 15 0
4831943 load 126.16349 3296 414
140191627283755 store 77.02778 36 0
5223105 integerALU 2029.0 2 0
4428493 store 173.0 1 0
4831961 branch 146.08864 3298 0
5223131 integerALU 1837.5 6 1
4428503 branch 185.0 1 0
4831967 integerALU 127.65837 3296 0
5227225 load 424.5 20 1
5229272 branch 95.066666 15 0
4428500 integerALU 185.0 1 0
5223127 mov 1837.5 2 0
4831952 load 139.14462 6592 1252
140191627283775 store 77.02778 36 0
5229269 integerALU 95.066666 15 0
5235413 branch 316.34067 29171 0
4428505 load 41.0 1 1
4428511 branch 186.0 1 0
4831956 branch 149.14497 3295 0
5229266 integerALU 97.066666 15 0
5235410 integerALU 316.2882 29171 0
5223121 branch 2030.0 2 0
4831958 integerALU 146.475 3297 0
4428508 integerALU 186.0 1 0
5229293 integerALU 115.98014 3292 0
4428513 integerALU 41.0 1 0
4831978 mov 153.1474 3297 0
5227243 store 641.5 20 0
4428519 integerALU 186.0 1 0
5229290 integerALU 163.47867 3294 0
4831983 mov 144.02318 3295 0
140191627283715 store 112.5 36 0
4428516 store 67.0 1 0
4831969 integerALU 144.34024 9894 0
5229287 store 163.71689 3292 0
4428522 branch 186.0 1 0
140191627283727 store 72.457146 35 0
5227235 load 641.49994 60 1
5229283 integerALU 38.36562 3293 0
5268221 integerALU 71.82075 3299 0
140191627283720 store 111.08572 35 0
4428526 load 179.5 2 1
4428525 load 180.0 2 1
4831974 load 133.13661 3296 414
5227232 load 566.2632 19 19
5229280 mov 38.123615 3276 0
4428524 load 157.5 2 1
5223166 store 2701.0 1 0
4831994 store 142.8358 3297 0
4428528 load 179.0 3 1
5229306 integerALU 266.46664 30 1
5229305 load 268.6667 30 1
5223161 load 2706.0 1 1
4831998 jump 152.94365 3298 0
4428539 integerALU 66.0 1 0
5227254 load 413.22034 59 1
4831986 mov 130.10243 3295 0
4428536 load 41.0 1 1
4831989 integerALU 147.67944 9891 0
5227250 integerALU 397.05 20 0
5229298 store 355.06668 15 0
4428542 branch 66.0 1 0
140191627283739 store 77.02778 36 0
5229296 branch 116.58484 3293 0
5229199 mov 88.26667 15 0
140191627283812 store 73.71429 35 0
4831883 mov 143.27213 3297 0
5223053 integerALU 1837.5 2 0
5227148 integerALU 19.6 20 0
5223051 mov 1741.0 2 0
140191627283808 store 77.02778 36 0
5229193 branch 44.2 15 0
4831886 mov 138.17728 3297 0
5223048 load 1741.0 2 1
5227141 store 19.6 20 0
5229189 load 44.2 30 1
5223044 integerALU 1881.75 4 0
140191627283817 store 75.27778 36 0
5229185 load 44.6 15 1
5223041 mov 2029.0 2 0
4831878 load 127.70066 3299 1
4831897 integerALU 145.84456 9890 0
5229215 integerALU 96.73333 15 0
4428435 integerALU 159.0 2 0
140191627283828 branch 71.138885 36 0
5223070 integerALU 2030.0 2 0
4428434 integerALU 159.5 2 0
5227165 integerALU 6.55 20 0
4428432 integerALU 160.0 2 0
5227162 store 6.55 20 0
5229210 integerALU 91.13636 44 0
5223066 integerALU 1932.0 2 0
4831902 integerALU 145.51178 3296 0
4428436 load 174.0 1 1
4831889 integerALU 153.04355 3297 0
5229206 store 81.26668 15 0
5223062 load 1734.5 2 1
5223060 branch 2030.0 2 0
4428440 integerALU 186.0 1 0
4831893 integerALU 141.47433 3299 0
5227155 store 6.736842 19 0
4428447 integerALU 186.0 1 0
5229202 integerALU 45.333332 15 0
5223056 integerALU 2030.0 2 0
4428444 integerALU 186.0 1 0
5227183 nop 8.8 20 0
4428451 branch 186.0 1 0
5268145 store 143.98357 3298 0
5229228 integerALU 71.96668 30 0
5268148 integerALU 152.17651 3299 0
5229225 mov 96.066666 15 0
5268151 branch 151.88074 3297 0
5227176 store 5.85 20 0
4831905 branch 145.8539 3296 0
5268153 mov 143.21396 3298 0
5268155 integerALU 144.26776 9894 1
5229220 integerALU 59.033333 30 0
5223074 branch 2030.0 2 0
5227169 store 5.85 20 0
5229217 mov 25.933332 15 0
140191627283786 store 77.02778 36 0
4831929 load 140.1308 6594 1
5227199 integerALU 108.98775 3354 0
5229247 integerDiv 74.53333 15 0
140191627283796 store 77.02778 36 0
5223102 integerALU 1932.0 2 0
5268131 load 142.86479 3296 1253
5229244 mov 96.2 15 0
5227195 store 109.258896 3352 0
5268134 integerALU 142.26805 3297 0
4831934 branch 140.2203 3298 0
5229240 store 85.4 15 0
4831922 store 146.66756 3298 0
5227188 store 108.26692 3352 0
5229236 store 85.4 15 0
5268141 integerALU 143.2905 3298 0
5268143 integerALU 151.43857 3298 0
5227184 integerALU 105.72926 3352 0
5229232 store 85.4 15 0
140191627285669 branch 237.0 1 0
4813642 integerALU 1359.0 3 0
4813647 load 1349.0 1 1
4813634 mov 444.0 1 0
4813637 store 1359.0 1 0
4832088 load 2703.5 2 1
4813656 mov 1349.0 1 0
4813659 jump 1355.0 1 0
140191627283633 branch 72.74286 35 0
4832095 branch 2706.0 1 0
4832080 load 2700.0 1 1
4832085 mov 2702.0 1 0
4813652 store 1353.0 1 0
4832107 integerALU 2699.6667 3 0
5268342 integerALU 143.94797 3299 0
5237609 load 682.0 2 1
5237607 branch 1.0 1 0
5268345 branch 144.2285 3298 0
5237604 integerALU 1.0 1 0
5237601 mov 1.0 1 0
5268351 load 146.31146 3298 839
5237600 integerALU 902.5 2 0
4813689 integerALU 1354.0 1 0
5268321 load 151.31638 6594 1
4428658 integerALU 316.90344 58366 0
5237629 load 845.0 2 1
4428656 integerALU 316.14832 58366 0
4813692 branch 1354.0 1 0
4428662 mov 58.07273 29183 0
5268326 branch 151.76173 3298 0
5237625 integerALU 1361.0 1 0
4428661 integerALU 318.3687 58366 0
4428660 integerALU 317.51184 58366 0
4832112 store 2699.0 1 0
4813680 integerALU 1354.0 1 0
4813683 branch 1354.0 1 0
4428665 integerALU 304.6222 29183 0
5268332 mov 141.2897 3298 0
4832117 jump 2703.0 1 0
5235571 branch 443.0 1 0
5237618 load 1363.0 1 1
5268334 integerALU 142.27571 6594 1
4428669 load 310.28235 29183 29183
5237616 branch 1362.0 1 0
5235568 integerALU 443.0 1 0
5268240 mov 152.5357 3298 0
4428547 integerALU 62.0 1 0
5223182 load 1857.5 2 1
5223180 load 1858.0 2 1
4428544 load 62.0 1 1
4428551 integerALU 187.0 1 0
5223178 load 1352.0 2 1
5229321 load 237.2 45 1
5223177 load 1352.5 2 1
4428549 branch 62.0 1 0
5223176 load 1353.0 2 1
5229319 load 203.83333 30 1
4428554 mov 185.0 1 0
5268250 integerALU 152.14326 3298 0
5229317 load 151.16667 30 1
5223172 integerALU 0.0 1 0
5268252 branch 152.36337 3296 0
5229315 load 260.4 30 1
5229314 load 198.76666 30 1
4428563 load 85.0 1 1
5268225 load 111.91612 6596 1
5268226 load 110.97848 6596 1
5268227 load 151.61365 6592 1
4428560 store 67.0 1 0
5268229 load 152.18994 6595 1
4428566 integerALU 85.0 1 0
140191627283699 store 112.5 36 0
5268231 load 152.66492 6596 1
4428571 mov 173.0 1 0
5268233 load 152.83878 6596 1
4428569 branch 85.0 1 0
5268235 load 154.05348 9894 1
140191627283704 store 112.5 36 0
5223186 load 2135.6667 3 1
4428574 load 86.0 1 1
5223184 load 1857.0 2 1
4428577 integerALU 186.0 1 0
140191627283650 branch 74.35294 34 0
4428580 branch 186.0 1 0
140191627283661 store 77.0 35 0
140191627283668 branch 72.34286 35 0
4361011 branch 227.33333 3 0
4813627 branch 1362.0 1 0
4361008 integerALU 227.33333 3 0
4813629 mov 1362.0 1 0
140191627283664 load 77.0 35 1
4813616 load 444.0 1 1
4813619 integerALU 1042.0 1 0
4813623 load 905.0 2 1
140191627285560 load 12.0 1 1
5235695 jump 444.0 1 0
5235693 integerALU 423.0 1 0
140191627281409 branch 9.0 1 0
5235690 store 425.0 1 0
5235688 integerALU 444.0 1 0
5235685 mov 425.0 1 0
5268475 integerALU 156.42838 3299 0
5268478 branch 156.6136 3300 0
5235680 integerALU 444.0 1 0
5268370 branch 154.55678 3298 0
5237645 load 1337.0 1 1
4428673 integerALU 323.45157 29183 0
4813706 load 1352.0 2 1
5237643 branch 845.0 1 0
4813711 branch 1354.0 1 0
4428677 integerALU 324.28387 29183 0
4428681 branch 324.55008 29183 0
5237636 store 1363.0 1 0
4813698 integerALU 1354.0 1 0
4813701 branch 1354.0 1 0
140191627283561 branch 1353.0 1 0
4428687 branch 324.79343 29183 0
4813703 load 1350.0 1 1
5237663 mov 1.0 1 0
5268354 integerALU 150.61092 6597 0
4428693 integerALU 324.97296 29178 0
5237656 load 455.0 3 1
5268362 load 145.90756 3296 1
4428697 branch 325.1943 29178 0
5237652 integerALU 1349.0 2 0
4428703 branch 325.40073 29178 0
5268367 integerALU 154.48666 3296 0
5268400 mov 148.0566 3296 0
140191627283527 branch 108.30556 36 0
5215149 branch 1015.3333 3 0
5268403 store 147.71074 3298 0
5215146 integerALU 1015.3333 3 0
140191627285571 branch 9.0 1 0
4428709 integerALU 712.0 2 0
5268407 load 139.61777 3299 1
4428713 branch 712.0 2 0
140191627283534 store 1355.0 1 0
5268412 integerALU 140.34589 3297 0
5215139 store 2642.3333 3 0
5237667 load 1186.0 3 1
4428719 branch 712.0 2 0
5237666 load 643.0 2 1
5268414 branch 140.91429 3298 0
5215136 integerALU 1600.3334 12 3
5268392 load 146.8597 3299 1
140191627283550 load 1355.0 1 1
5268397 integerALU 147.26518 3296 0
5235791 load 277.90585 58342 1
5262417 branch 143.08649 3297 0
5235790 load 277.8013 58342 1
5235789 load 272.80893 58342 1
4428864 branch 590.75 4 0
4428870 branch 590.75 4 0
5235785 integerALU 232.0887 29171 0
5262423 load 143.65485 3299 1253
5262426 mov 131.15686 3297 0
5235779 branch 313.01276 29171 0
5262429 mov 133.09908 3298 0
4428876 integerALU 591.0 4 0
4428882 integerALU 590.75 4 0
4428886 branch 590.75 4 0
5262407 store 152.62537 3297 0
5235799 load 306.14276 87513 1
140191627283388 store 113.0 36 0
5235797 load 274.01584 58342 1
5262412 integerALU 146.29274 3298 0
5235795 load 278.19983 58342 1
5262414 integerALU 143.30144 3298 0
5235793 load 277.97534 58342 1
140191627281285 branch 9.0 1 0
140191627283332 branch 108.30556 36 0
140191627281287 store 12.0 1 0
5262451 branch 153.43263 3296 0
140191627283341 store 113.0 36 0
5262457 integerALU 134.55312 3298 0
140191627283343 store 113.0 36 0
140191627281294 load 12.0 1 1
5262460 mov 85.510025 3298 0
5262432 mov 152.50386 3297 0
140191627283349 store 113.0 36 0
140191627283351 store 113.0 36 0
5262435 integerALU 152.92952 3298 0
140191627281302 load 12.0 1 1
5262440 branch 152.9529 3299 0
140191627283353 store 113.0 36 0
5262446 integerALU 152.83592 3296 0
140191627281307 branch 9.0 1 0
140191627283354 store 113.0 36 0
140191627281381 load 12.0 1 1
5268497 branch 157.97552 3296 0
140191627281383 load 10.5 2 1
140191627281377 load 12.0 1 1
4832268 load 2694.0 1 1
140191627281379 load 12.0 1 1
5268503 store 151.04515 3296 0
5268507 jump 159.57237 3297 0
140191627281396 branch 9.0 1 0
4428817 integerALU 711.0 6 0
5268484 integerALU 156.73608 3297 0
4428822 store 533.0 3 0
5268487 branch 157.15039 3297 0
4832273 load 2696.5 2 1
5268493 integerALU 157.61205 3299 0
140191627281400 branch 9.0 1 0
4428830 integerALU 336.66666 3 0
4832278 branch 2694.0 1 0
5262384 integerALU 144.78033 6597 0
4428835 load 336.83334 6 1
5268529 branch 150.21367 3299 0
4428834 load 436.66666 6 1
5262386 integerALU 144.54247 6595 0
140191627283399 load 113.0 36 1
5262388 integerALU 144.09387 6596 0
140191627283393 branch 108.30556 36 0
4428838 load 747.8333 6 1
5262390 integerALU 143.9343 6594 0
140191627281347 store 12.0 1 0
4428836 load 482.2 5 1
5262392 integerALU 144.112 6595 0
5262393 integerALU 143.9016 6596 0
5262394 integerALU 143.35062 3299 0
140191627283406 branch 108.30556 36 0
140191627281358 store 12.0 1 0
4428840 load 746.44446 9 1
5262398 load 145.77914 3296 1
5268512 mov 148.14044 3298 0
5268515 integerALU 152.88689 3297 0
4428848 integerALU 519.8 5 0
4428854 integerALU 590.75 4 0
5235770 load 311.44238 58341 1
5268518 integerALU 148.80925 6596 0
140191627281362 store 12.0 1 0
4428852 branch 519.8 5 0
140191627281373 load 12.0 1 1
4428858 branch 590.75 4 0
140191627281375 load 12.0 1 1
5235765 load 317.01166 29171 1
140191627281374 load 12.0 1 1
5268526 integerALU 150.39336 3298 0
4428860 integerALU 590.75 4 0
4428994 load 223.25871 29172 11073
4428992 branch 223.12546 29172 0
140191627285280 branch 66.11429 35 0
4428997 integerALU 325.16806 29172 0
4429000 branch 325.31436 29172 0
4203728 load 103.77779 72 1
4429012 store 311.73038 29171 0
4429020 load 304.29858 29181 29181
140191627285253 load 70.65714 35 2
4429027 branch 305.67444 29181 0
4429024 integerALU 305.58542 29181 0
4429033 integerALU 296.89447 29178 0
4429039 load 308.21686 58358 2
4429038 load 308.4818 58358 2
4429037 load 307.78964 58358 2
4429043 load 311.87936 87537 2
4429041 load 310.84113 58358 2
140191627285265 load 72.117645 34 1
5262480 branch 153.64417 3297 0
4428928 integerALU 236.0 1 0
4428934 branch 236.0 1 0
5262486 load 143.2833 3298 1253
4428932 branch 236.0 1 0
5262489 mov 87.175446 3298 0
5262493 mov 144.17824 3299 0
5262465 mov 86.28068 3296 0
4361366 load 370.33334 9 1
5262469 load 86.84564 3298 1252
5262473 integerALU 153.50813 3299 0
140191627281278 load 12.0 1 1
5264560 integerALU 1354.0 1 0
5264564 branch 1354.0 1 0
5264570 mov 842.0 1 0
5264573 integerALU 842.0 3 1
5262497 integerALU 153.37056 3296 0
5262501 branch 153.48804 3296 0
5262503 mov 88.03347 3298 0
5262506 jump 88.668396 9895 2
4428985 load 51.97281 29172 29172
4428989 integerALU 222.81076 29172 0
5264720 mov 1354.0 1 0
5264722 integerALU 1355.0 1 0
5264728 store 1354.0 1 0
140191627281070 load 12.0 1 1
5264731 integerALU 1354.0 1 0
140191627281065 store 12.0 1 0
140191627281074 load 12.0 1 1
140191627281029 store 12.0 1 0
5262705 load 155.9503 3296 1253
5264755 load 1349.0 1 1
5262708 load 145.11229 3298 1253
5264759 store 1354.0 1 0
5262712 mov 158.4593 3298 0
5264763 load 1348.0 1 1
5262716 integerALU 160.8812 3298 0
5264766 integerALU 1348.0 1 0
5264736 branch 1354.0 1 0
140191627281044 store 12.0 1 0
5264742 integerALU 1355.0 1 0
5262697 mov 131.80385 3299 0
5264745 load 1354.0 1 1
140191627281054 store 12.0 1 0
5262700 integerALU 148.65114 9889 0
5264748 store 1354.0 1 0
5264751 load 1349.0 1 1
140191627281124 store 12.0 1 0
140191627281129 branch 9.0 1 0
140191627281145 branch 9.0 1 0
140191627281102 branch 9.0 1 0
140191627281097 load 12.0 1 1
5234126 store 329.55667 29172 0
5264850 branch 162.55438 3298 0
5234124 integerALU 324.9244 29172 0
140191627285027 load 73.67647 34 34
5234119 store 329.25595 29172 0
140191627285038 branch 70.0 36 0
140191627285044 load 12.0 1 1
5264834 integerALU 106.22561 3298 0
140191627293233 branch 111.34286 35 0
5264837 branch 106.581375 3299 0
5234138 branch 239.77036 29172 0
5234135 integerALU 239.36136 29171 0
5264843 integerALU 162.6043 3297 0
140191627285048 branch 9.0 1 0
4212192 integerALU 141.76483 6596 0
140191627293189 load 113.305565 36 1
4212194 integerALU 141.06407 6598 0
4212196 integerALU 140.72287 6597 0
5264886 load 102.624985 3296 1253
4212198 mov 129.0294 3297 0
5234153 integerALU 325.30902 29172 0
4212201 integerALU 140.28163 6595 0
140191627293196 branch 108.5 36 0
5234150 mov 50.89145 29171 0
5264890 load 125.83944 3297 1253
4212202 mov 144.41037 3296 0
5234147 mov 238.2438 29172 0
4212205 integerALU 140.25919 6596 0
5264894 load 107.66473 3299 838
4212206 integerALU 145.999 3298 0
5234144 load 206.9821 29172 11073
4212210 load 138.71654 3298 1
140191627293206 load 113.305565 72 1
5234172 integerALU 328.23886 29171 0
4212213 store 151.18187 3299 0
5234168 mov 210.18108 29172 0
4212218 integerALU 151.07567 3298 0
5234165 nop 329.74283 29172 0
140191627293209 branch 108.5 36 0
140191627285019 load 74.583336 36 1
5262739 integerALU 161.43327 3297 0
140191627280993 load 12.0 1 1
5262743 branch 161.43204 3298 0
5264792 integerALU 1354.0 1 0
140191627281007 branch 9.0 1 0
5264796 integerALU 1354.0 1 0
5262749 mov 147.90935 3298 0
140191627281003 load 12.0 1 1
5264799 store 1354.0 1 0
5262720 branch 161.20451 3298 0
140191627281013 load 12.0 1 1
5264768 branch 1348.0 1 0
5262726 integerALU 159.19856 3298 0
5262730 integerALU 161.11426 3299 0
140191627281023 branch 9.0 1 0
5262733 branch 161.20384 3296 0
5264821 integerALU 162.9168 3296 0
5264828 branch 162.82115 3296 0
5262752 integerALU 161.31656 3298 0
140191627280980 store 12.0 1 0
5234110 load 323.30875 29171 1
5264802 jump 1355.0 1 0
140191627280982 store 12.0 1 0
140191627280976 store 12.0 1 0
5234106 integerALU 326.59558 29172 0
5262758 branch 161.69797 3298 0
5234105 integerALU 319.9279 58344 0
140191627280978 store 12.0 1 0
5234104 integerALU 319.39453 58343 0
5264808 integerALU 162.5974 3297 0
5234102 integerALU 319.0073 58344 0
5234100 integerALU 318.5536 58343 0
140191627280985 store 12.0 1 0
140191627280984 store 12.0 1 0
5234098 integerALU 318.06363 58344 0
5264815 branch 163.00774 3299 0
5234096 integerALU 317.59732 58343 0
4212288 integerALU 149.43764 3297 0
140191627284902 branch 237.0 6 0
140191627293088 load 68.169014 71 1
4212294 branch 149.12697 3298 0
140191627293090 branch 57.86111 36 0
140191627284910 branch 237.0 8 0
4212300 load 146.08936 3299 1
4212305 load 140.27 6595 1
140191627284919 branch 237.0 2 0
5234268 branch 328.58273 29171 0
4212309 branch 148.26076 3297 0
140191627284912 load 237.0 2 2
5234265 integerALU 328.4482 29171 0
140191627293117 branch 57.86111 36 0
5234261 integerALU 216.71928 29170 0
4212315 load 132.76593 3298 1
4212319 load 130.36174 3296 1
5265011 store 154.20847 3298 0
4212324 integerALU 148.53357 3297 0
5265015 load 153.56657 3298 1252
4212327 branch 148.64317 3298 0
5265018 store 154.07678 3299 0
4212333 integerALU 149.199 3298 0
140191627284872 load 74.69444 36 2
5234274 integerALU 221.32121 87512 1
5265022 load 153.21405 3297 1252
140191627293066 branch 70.0 36 0
140191627293079 branch 70.0 36 0
4212339 branch 149.78716 3298 0
140191627293072 load 73.388885 36 1
5264998 load 103.48534 3299 838
140191627284892 branch 237.0 1 0
5265002 load 109.79754 9889 3292
140191627284888 branch 70.861115 36 0
5265007 load 153.3508 3298 1253
4212224 branch 150.61893 3297 0
5264913 integerALU 157.6933 3298 0
140191627293158 branch 57.86111 36 0
5264916 branch 157.74507 3298 0
140191627284960 load 237.0 2 1
5234186 branch 328.7514 29171 0
4212230 mov 138.76642 3298 0
5269016 store 147.18657 3299 0
4212233 integerALU 138.38303 3299 0
5234182 integerALU 328.6063 29171 0
4212236 branch 138.03627 3296 0
140191627284969 branch 237.0 2 0
5234176 branch 328.35587 29172 0
140191627293173 load 59.5 72 3
140191627284981 branch 237.0 1 0
140191627293172 load 61.13889 36 3
5264898 load 124.74319 6596 3294
4212242 integerALU 149.58705 3296 0
140191627293171 load 61.083332 36 2
5264903 branch 158.82108 3299 0
4212248 branch 149.59564 3297 0
5264909 load 157.09258 3298 1253
140191627293123 load 60.02778 36 36
140191627284941 store 237.0 2 0
140191627293129 branch 57.86111 36 0
5269025 integerALU 147.823 3297 0
140191627293140 branch 57.86111 36 0
140191627284948 branch 237.0 2 0
5269028 mov 147.42387 3298 0
5269031 integerALU 147.70493 3299 0
5269033 integerALU 155.2173 3297 0
140191627284956 branch 75.35135 37 0
5269036 store 155.71236 3297 0
4212284 load 132.10913 3298 1
5269039 jump 155.73297 3297 0
4429504 integerALU 186.0 1 0
5316308 store 1356.0 1 0
4429510 integerALU 41.0 1 0
4429508 branch 186.0 1 0
4429514 mov 174.0 1 0
5316315 integerALU 1121.3334 3 0
4429517 integerALU 169.33333 3 0
5263040 load 137.31067 6596 1
5234399 integerALU 327.31995 29171 0
5263041 load 133.21892 6598 2
5316288 mov 444.0 1 0
4429522 jump 187.0 1 0
5263042 load 136.917 6596 2
5316291 store 1356.0 1 0
140191627292982 load 116.638885 36 1
5263044 load 132.73405 6599 2
140191627292977 store 116.638885 36 0
5234395 load 55.37531 29171 11072
140191627292976 store 116.638885 36 0
5263046 load 135.91837 6597 2
5263048 load 131.3239 6597 1
140191627292989 load 118.2 35 1
5263050 load 135.26642 9896 1
5316298 integerALU 1362.0 1 0
5316301 store 1356.0 1 0
5234413 branch 327.66998 29171 0
5316338 store 1348.0 1 0
4429536 integerALU 236.0 1 0
5263092 mov 161.30147 3299 0
5234410 integerALU 327.57373 29171 0
5263094 integerALU 163.81372 3296 0
4429540 branch 236.0 1 0
5316345 branch 1343.0 1 0
4429546 integerALU 236.0 1 0
5234404 branch 327.44803 29170 0
5263100 integerALU 163.37039 3298 0
4429550 branch 236.0 1 0
5263103 branch 163.68344 3298 0
5263072 mov 160.13487 3297 0
5316320 load 1348.0 1 1
5263074 integerALU 161.91565 3298 0
5234429 branch 327.74387 29171 0
5234427 integerALU 327.5527 29171 0
5316327 integerALU 1353.0 1 0
4429556 nop 237.0 1 0
5234424 load 204.77032 29171 11072
5263080 integerALU 162.35223 3297 0
5234422 branch 217.28683 29170 0
5316331 load 1343.0 2 1
4429560 load 648.7778 18 9
5234419 integerALU 216.81252 29171 0
5263086 branch 162.78764 3298 0
4429564 branch 677.6667 9 0
5316243 branch 1362.0 1 0
140191627293026 branch 108.5 36 0
5316249 load 842.0 1 1
140191627284846 branch 71.138885 36 0
5316225 mov 444.0 1 0
5265025 store 154.04137 3298 0
140191627284852 load 74.888885 36 3
5316224 integerALU 1356.5 2 0
5316229 integerALU 640.0 1 0
5265029 load 154.51276 9891 1253
5316228 integerALU 1356.0 2 0
5316233 integerALU 1362.0 1 0
140191627293055 store 110.65278 72 0
5265036 jump 155.39864 3297 0
5316237 branch 1362.0 1 0
5316239 load 904.5 2 1
5316276 store 1360.0 1 0
5263030 branch 147.99109 3299 0
140191627292995 branch 113.166664 36 0
4212394 store 134.12086 3298 0
5316283 mov 1362.0 1 0
5263036 integerALU 120.53426 3300 0
140191627293001 load 118.083336 36 1
5316285 mov 842.0 1 0
4212398 integerALU 140.30273 6595 0
5316256 integerALU 1355.0 1 0
4212402 store 132.13266 3298 0
5316259 branch 1355.0 1 0
4429488 integerALU 325.5698 29176 0
4212405 load 143.69884 6596 1
140191627293011 load 118.083336 36 1
4429492 branch 325.7529 29176 0
5263016 load 150.14484 3298 1
5316265 load 1356.0 1 1
140191627293020 load 116.457146 35 1
4429498 branch 612.0 4 0
4212411 branch 149.58078 3296 0
5263021 load 147.5296 6597 1
5316268 load 1361.0 3 1
140191627293018 branch 113.166664 36 0
5263185 mov 150.36298 3296 0
5234510 integerALU 249.20784 29170 0
5263188 integerALU 163.63379 3298 0
5234507 mov 238.46849 29170 0
5234504 mov 236.65091 29170 0
4833088 jump 2703.0 1 0
5263194 integerALU 163.15619 3299 0
5234501 load 250.90512 29170 11072
5263171 mov 161.97722 3297 0
5263173 integerALU 163.42194 3298 0
4212569 load 148.02501 3298 1
5263179 integerALU 163.85007 3299 0
5234516 jump 322.10287 29170 0
5263182 store 162.86711 3296 0
4212574 integerALU 107.98118 3297 0
5234512 integerALU 318.2618 29170 0
4429667 branch 753.0 3 0
5263217 branch 162.96658 3297 0
4212578 load 128.7835 6595 1
4212579 load 128.98305 6596 1
4429664 integerALU 753.0 3 0
4212580 load 127.73279 6593 1
4212582 load 124.04156 6596 1
4212584 integerALU 141.71953 6595 0
4429673 jump 1039.0 2 0
4212588 load 134.20161 6596 1
4212590 load 136.46364 9894 1
5263200 branch 162.98093 3297 0
5263202 mov 150.29637 3298 0
4820859 load 2702.0 1 1
4429680 integerALU 319.2135 87516 0
5263205 integerALU 163.32803 3299 0
4429685 jump 318.44376 29171 0
4820848 integerALU 2703.0 1 0
5263211 integerALU 163.10304 3297 0
4820852 load 1440.0 1 1
5316369 load 1354.3334 3 1
4429570 integerALU 184.0 1 0
5234446 integerALU 209.14398 29171 0
4429575 integerALU 184.33333 3 1
5234442 load 207.43805 29171 7409
5234440 branch 328.04526 29171 0
5316376 integerALU 1329.0 1 0
5316381 load 1341.0 2 1
5234435 integerALU 327.9878 29170 0
5316380 load 1341.5 2 1
5316382 load 1341.6666 3 1
4429587 branch 185.0 1 0
5234463 integerALU 57.890385 29171 0
5316355 load 1343.0 1 1
5234460 load 56.5066 29171 29171
5234455 integerALU 56.003304 29171 0
5316362 integerALU 1348.0 2 0
5234449 branch 209.60696 29170 0
5316366 mov 1354.0 1 0
4429603 integerALU 712.0 2 0
5234479 store 241.90215 29170 0
5263153 branch 163.74188 3296 0
140191627307204 store 10.5 2 0
4429600 integerALU 712.0 2 0
5234476 load 240.81601 29171 11071
4429607 branch 712.0 2 0
5234474 store 221.66563 29171 0
5263159 load 104.32776 3298 1253
5234471 integerALU 325.50217 29171 0
5263163 load 105.585625 3299 838
4429613 jump 713.0 2 0
5234465 branch 58.424 29170 0
5263167 load 105.704155 3299 838
5234495 branch 323.33386 29170 0
4833083 store 2699.0 1 0
5234490 load 282.08533 58342 7408
5234487 load 239.56609 29171 11072
5263146 integerALU 163.49669 3298 0
4833074 load 2699.0 1 1
4833079 integerALU 2703.0 1 0
140191627307226 load 10.5 2 1
4820939 store 2523.0 1 0
4820928 integerALU 2703.0 1 0
4820932 load 1469.0 1 1
4820953 store 2523.0 1 0
4812761 integerALU 2694.0 2 0
4812760 integerALU 2694.5 2 0
4429778 integerALU 302.07437 58358 0
4812762 integerALU 2702.0 1 0
4429776 integerALU 301.56607 58357 0
4429782 integerALU 303.3699 58358 0
4812766 load 534.0 1 1
4429780 integerALU 302.70285 58357 0
4429787 integerALU 304.33176 58357 0
4812752 integerALU 2696.5 2 0
4820946 load 2523.0 1 1
4812754 integerALU 2696.0 2 0
4429784 integerALU 309.75943 29179 0
4812756 integerALU 2695.5 2 0
4429789 integerALU 303.24036 29179 0
4812758 integerALU 2695.0 2 0
4429788 integerALU 305.01154 58358 0
5269490 mov 124.8 15 0
4820971 integerALU 1846.5 2 0
4429793 integerALU 304.9508 29179 0
5269492 store 127.86665 15 0
4812780 load 534.0 1 1
4429798 integerALU 104.42681 29177 0
4820975 integerALU 1846.0 2 0
4429796 branch 305.3133 29179 0
5269497 integerALU 115.46667 30 1
4820960 store 2523.0 1 0
4429802 mov 312.05618 29177 0
4812773 load 2702.0 1 1
4429807 load 203.81891 58353 1
4429806 load 208.25757 58354 1
4820967 load 1846.0 1 1
4429805 load 209.37364 58353 1
4429811 load 201.7943 58353 1
5234686 integerALU 321.00195 29170 0
4820987 load 1469.0 1 1
4429809 load 206.10794 58354 1
4812794 integerALU 1362.0 1 0
4429815 jump 318.69608 29176 0
4812796 branch 1362.0 1 0
4820991 load 2177.0 1 1
4429813 load 203.88943 58354 1
4812784 store 2702.0 1 0
4820979 load 1469.0 1 1
5269483 integerALU 113.2 30 1
4429823 integerALU 310.0607 29179 0
4820983 integerALU 1657.5 2 0
4429820 mov 74.431816 29179 0
4820873 branch 2702.0 1 0
4820866 integerALU 1440.0 1 0
4820869 integerALU 2702.0 1 0
4820891 load 0.0 1 1
4820906 store 2702.0 1 0
4820909 store 2702.0 1 0
4820898 integerALU 2702.0 1 0
4820902 load 1028.0 1 1
4820923 load 1976.6666 3 1
4820916 load 0.0 1 1
4820919 integerALU 534.0 1 0
