4214889 load 34.03747 3789 14
4215067 load 41.343647 3708 14
4215098 load 30.363132 7700 14
4213191 load 31.889584 178330 601
4213194 load 47.21145 178302 601
4213197 load 47.507328 178310 12379
4213199 load 40.03672 356655 14952
4213211 load 49.84666 535000 15
4213221 load 90.798386 15485 3
4213168 load 48.141697 183435 148
4213176 load 33.173313 183466 148
4213179 load 54.60916 183477 601
4213183 load 52.943153 366952 601
4213442 load 521.79803 4915 143
4213492 load 530.1838 7363 81
4213403 load 529.3594 5034 1
4213412 load 528.696 5029 84
4213430 load 298.95 5025 135
4213437 load 276.40372 5028 133
4215669 load 34.07485 3849 82
4213697 load 752.7678 15987 1
4213711 load 757.69727 15985 1
4213725 load 782.4718 47951 598
4213729 load 768.02985 15983 1
4213744 load 791.501 15981 1
4213635 load 997.58057 162536 162536
4215684 load 34.07157 3844 148
4213644 load 608.26636 162134 162134
4213648 load 1163.5299 162118 162118
4213652 load 616.0121 324271 38476
4213658 load 630.54584 162143 162143
4213662 load 637.0525 324265 39285
4213673 load 744.53174 15985 1
4213984 load 21.219736 3923 14
4213996 load 18.07331 3846 14
4214001 load 14.337146 3847 14
4216267 load 50.03194 11663 8
4214220 load 34.149837 3925 14
4214231 load 43.686195 3926 82
4214235 load 41.620785 3929 148
4214167 load 46.11036 15175 15
4214179 load 27.994398 3927 14
4216230 load 75.79953 5449 8
4216248 load 48.68823 5829 36
4216252 load 49.0798 5829 36
4216330 load 84.93237 8168 8
4216340 load 80.79043 5443 8
4216534 load 15.995626 3667 15
4214497 load 19.384756 6477 14
4214504 load 34.245243 6483 82
4214508 load 34.277912 6483 143
4216563 load 42.23043 3662 15
4216574 load 41.013577 14079 15
4216679 load 43.486134 21132 15
4216683 load 30.744951 7051 15
4216687 load 35.669888 14087 15
4216698 load 27.210752 7326 15
4216699 load 16.658218 7333 15
4216700 load 29.63739 7333 15
4216702 load 29.213991 7332 15
4216592 load 41.29309 7798 145
4216597 load 39.707478 7803 145
4216613 load 42.388077 15599 15
4216704 load 26.172182 7335 15
4216706 load 24.185442 7334 15
4216708 load 29.830452 11000 15
4210566 load 218.47438 5024 84
