4210752 load 591.16675 84 1
4210753 load 591.1191 84 1
4210755 load 587.0833 84 1
4210757 load 614.2223 126 1
4214889 load 32.826027 3789 14
4210731 load 814.7381 42 1
4210736 load 808.8333 84 1
4210751 load 194.26189 84 1
4214922 load 20.11005 3163 14
4211015 load 588.21423 42 1
4211020 load 588.8333 42 1
4211047 load 18.317074 41 1
4211057 load 14.904762 42 1
4211064 load 14.904762 42 1
4215067 load 41.152298 3708 14
4210981 load 494.8969 126 1
4215084 load 32.0 6 1
4215085 load 14.5 6 1
4215086 load 47.5 6 1
4215088 load 47.0 6 1
4215090 load 44.5 6 1
4215092 load 35.166668 6 1
4210997 load 533.0952 42 1
4215094 load 48.333332 9 1
4215098 load 29.485456 7700 14
4211006 load 581.5952 42 1
4213191 load 31.493164 178330 601
4213194 load 46.8389 178302 601
4213197 load 47.14056 178310 12379
4213199 load 39.6543 356655 14952
4213211 load 49.771748 535000 15
4211168 load 443.83334 42 1
4213221 load 89.66518 15485 3
4211182 load 834.9286 42 1
4211076 load 15.904762 42 3
4211085 load 16.26829 41 3
4211102 load 812.408 125 1
4211111 load 361.88098 42 42
4211115 load 28.547619 42 42
4213168 load 47.73791 183435 148
4213176 load 32.713074 183466 148
4213179 load 54.166283 183477 601
4213183 load 52.550186 366952 601
4211265 load 660.627 126 1
4211282 load 648.30414 125 1
4213341 load 591.6905 42 1
4213351 load 582.738 42 1
4211307 load 595.3095 42 1
4213361 load 591.42847 42 1
4211316 load 496.4524 42 1
4213371 load 591.6905 42 1
4211325 load 370.83334 42 1
4211201 load 405.42856 42 42
4211208 load 770.5238 42 42
4211212 load 770.5238 42 42
4211251 load 782.6868 83 41
4213442 load 521.9772 4915 143
4215498 load 60.828606 461 5
4213461 load 526.7662 2453 8
4213468 load 527.23566 2457 8
4215522 load 140.97377 459 5
4213482 load 525.5613 2459 8
4211440 load 381.65857 41 1
4213492 load 532.262 7363 81
4213496 load 531.10077 2459 8
4215436 load 16.251705 147 2
4213403 load 532.385 5034 1
4213412 load 531.6349 5029 84
4213419 load 234.2426 2518 84
4213422 load 297.70276 2515 144
4213426 load 519.96655 2517 144
4213430 load 300.67767 5025 135
4213433 load 272.55124 2515 144
4213437 load 277.1432 5028 133
4215637 load 160.625 8 2
4215669 load 32.89924 3849 82
4213524 load 485.3095 42 1
4213531 load 925.4048 42 1
4215582 load 131.43813 461 5
4213538 load 902.119 84 1
4215593 load 71.49725 917 5
4213697 load 752.70966 15987 1
4213711 load 758.9062 15985 1
4213725 load 782.2314 47951 598
4213729 load 767.488 15983 1
4213744 load 790.77936 15981 1
4209656 load 712.60785 125 42
4213752 load 1055.9758 41 1
4213756 load 1055.476 82 1
4213635 load 991.43414 162536 162536
4215684 load 32.955097 3844 148
4213644 load 602.70984 162134 162134
4213648 load 1158.5846 162118 162118
4213652 load 610.0695 324271 38476
4213658 load 624.0796 162143 162143
4213662 load 630.37726 324265 39285
4213673 load 746.1219 15985 1
4209578 load 741.2381 42 1
4209583 load 336.7143 42 1
4209588 load 335.1905 42 1
4209593 load 713.9762 42 1
4209598 load 741.2381 42 42
4209736 load 639.78564 42 42
4213838 load 852.39026 41 1
4209743 load 280.0 42 42
4209754 load 622.8571 42 42
4209770 load 314.61902 42 1
4213870 load 608.49994 42 1
4213878 load 317.5358 84 1
4213879 load 321.10712 84 1
4213880 load 190.66664 84 1
4213882 load 311.881 84 1
4213884 load 317.75003 84 1
4213886 load 302.7857 84 1
4213763 load 656.0 1 1
4209670 load 323.0952 42 42
4213788 load 666.3415 41 1
4213800 load 666.3415 82 1
4209706 load 326.9762 42 42
4209713 load 313.2619 42 42
4213822 load 693.3171 41 1
4209864 load 305.19052 42 42
4213984 load 20.376497 3923 14
4213996 load 17.346106 3846 14
4214001 load 13.433587 3847 14
4213888 load 338.9524 126 1
4209804 load 322.39026 41 41
4215953 load 335.75 20 2
4209813 load 668.2858 42 42
4209821 load 677.02386 42 42
4209825 load 308.2857 42 42
4209843 load 305.47617 42 42
4216183 load 78.48718 78 8
4209920 load 325.35712 84 1
4210112 load 603.381 42 1
4214211 load 55.661655 133 12
4210117 load 232.66673 84 1
4216267 load 49.792408 11663 8
4214220 load 33.426517 3925 14
4214231 load 42.630665 3926 82
4214235 load 40.503452 3929 148
4210141 load 250.21428 42 1
4210146 load 234.33736 83 1
4210160 load 500.4079 125 41
4210164 load 232.47617 42 42
4210173 load 483.59528 84 1
4210174 load 474.42172 83 1
4210175 load 472.7976 84 1
4216206 load 95.410255 156 8
4214167 load 45.409477 15175 15
4216222 load 52.460526 76 8
4214179 load 26.785587 3927 14
4216227 load 71.29486 78 8
4216230 load 74.93985 5449 8
4216248 load 48.611065 5829 36
4216252 load 48.904533 5829 36
4210253 load 231.12048 83 43
4210257 load 507.75006 168 42
4210263 load 422.1905 42 42
4210177 load 472.29758 84 1
4210179 load 471.7976 84 1
4210181 load 471.2976 84 1
4210183 load 487.42844 126 1
4216330 load 84.09323 8168 8
4216335 load 45.26942 2721 8
4216340 load 79.858406 5443 8
4216351 load 238.01282 156 8
4210208 load 364.64288 42 42
4216352 load 246.83969 156 8
4216353 load 255.21156 156 8
4216355 load 254.30774 156 8
4216357 load 262.0384 156 8
4216359 load 262.42853 154 8
4210217 load 398.325 40 40
4216361 load 266.6923 234 8
4210239 load 393.34146 41 41
4216534 load 15.909454 3667 15
4214497 load 18.767221 6477 14
4214504 load 33.504303 6483 82
4214508 load 33.588715 6483 143
4216563 load 42.194958 3662 15
4216574 load 41.14698 14079 15
4210306 load 667.7143 126 1
4210360 load 36.404766 42 42
4210364 load 611.3453 84 1
4210534 load 204.2619 42 1
4216679 load 43.603092 21132 15
4216683 load 30.606722 7051 15
4216687 load 35.77618 14087 15
4210550 load 11.285715 42 1
4216698 load 26.637455 7326 15
4216699 load 16.047024 7333 15
4216700 load 29.12696 7333 15
4216702 load 28.773193 7332 15
4216592 load 41.340748 7798 145
4216597 load 39.759773 7803 145
4216613 load 42.452522 15599 15
4216704 load 25.70907 7335 15
4210560 load 159.22829 2512 1
4216706 load 23.672344 7334 15
4210563 load 161.31946 2514 8
4216708 load 29.249819 11000 15
4210566 load 222.53772 5024 84
