PC type slack #Ref SetSize
4210752 load 591.16675 84 1
4210753 load 591.1191 84 1
4210755 load 587.0833 84 1
4214853 integerALU 45.505516 3798 0
4210757 load 614.2223 126 1
4214857 store 45.21538 3798 0
4214862 integerMul 45.70104 3790 0
4214866 integerALU 16.533443 3796 0
4214870 mov 28.172955 3793 0
4214873 mov 24.394672 3793 0
4214876 integerALU 45.75672 3794 0
4214880 branch 45.82043 3787 0
4214886 mov 14.713949 3793 0
4214889 load 32.826027 3789 14
4214894 integerALU 35.17954 11379 0
4214897 mov 13.69573 3796 0
4214900 mov 28.78313 3795 0
4214903 integerALU 40.590622 3796 0
4214905 branch 40.68931 3794 0
4214911 integerALU 23.279505 9467 0
4210708 store 166.96939 2512 0
4210712 integerALU 283.58948 2510 0
4210716 integerALU 220.63162 10061 1
4210721 integerALU 284.9097 2517 0
4210725 branch 285.68527 2515 0
4210731 load 814.7381 42 1
4210736 load 808.8333 84 1
4210745 branch 808.8333 42 0
4210747 integerALU 1.1666667 42 0
4210751 load 194.26189 84 1
4214914 integerALU 28.07479 3156 0
4214916 branch 28.114561 3151 0
4214922 load 20.11005 3163 14
4214927 mov 7.5306973 3160 0
4214930 mov 20.499203 3159 0
4214933 integerALU 22.684008 9478 0
4214936 integerALU 28.447649 3152 0
4214942 jump 31.349684 3160 0
4215105 branch 33.16139 3848 0
4211013 integerALU 428.9762 84 0
4211015 load 588.21423 42 1
4211020 load 588.8333 42 1
4211025 integerALU 269.5476 42 0
4211030 integerALU 583.15076 126 0
4211035 integerALU 622.6903 42 0
4211040 integerALU 604.61896 42 0
4211044 store 621.5476 42 0
4211047 load 18.317074 41 1
4211054 store 28.880953 42 0
4211057 load 14.904762 42 1
4211064 load 14.904762 42 1
4211067 integerALU 14.904762 42 0
4211070 branch 14.904762 42 0
4215041 integerALU 33.025127 3697 0
4215043 mov 31.941929 3702 0
4215046 mov 9.602485 3703 0
4215049 store 27.163607 3704 0
4215053 integerDiv 13.006752 3702 0
4215056 mov 21.22242 3705 0
4215059 mov 13.316882 3708 0
4215062 integerALU 26.683905 11110 0
4215067 load 41.152298 3708 14
4215071 integerALU 41.600037 3708 0
4215074 branch 41.657513 3708 0
4210981 load 494.8969 126 1
4215080 integerALU 0.0 3 0
4215084 load 32.0 6 1
4210989 integerALU 444.39285 84 0
4215085 load 14.5 6 1
4215086 load 47.5 6 1
4210991 integerALU 226.19513 41 0
4215088 load 47.0 6 1
4210994 mov 583.4524 42 0
4215090 load 44.5 6 1
4215092 load 35.166668 6 1
4210997 load 533.0952 42 1
4215094 load 48.333332 9 1
4215095 integerALU 16.183287 3852 0
4215098 load 29.485456 7700 14
4211004 integerALU 429.4762 84 0
4215102 mov 16.336254 3851 0
4211006 load 581.5952 42 1
4211136 mov 35.214287 42 0
4213187 branch 54.52179 183482 0
4211139 store 850.9048 42 0
4213189 branch 53.84267 178976 0
4213191 load 31.493164 178330 601
4211144 store 850.9048 42 0
4213194 load 46.8389 178302 601
4213197 load 47.14056 178310 12379
4213199 load 39.6543 356655 14952
4213201 mov 61.389526 178321 0
4211153 integerALU 848.87805 41 0
4213204 mov 61.71968 178318 0
4211158 integerALU 865.4524 42 0
4213207 integerALU 62.058037 178302 0
4213211 load 49.771748 535000 15
4211163 integerALU 725.7858 126 0
4213216 mov 190.70044 691 0
4211168 load 443.83334 42 1
4213221 load 89.66518 15485 3
4211173 integerALU 778.59534 42 0
4211176 branch 778.59534 42 0
4211182 load 834.9286 42 1
4211187 integerALU 834.9286 42 0
4211190 branch 834.9286 42 0
4211192 mov 482.9762 42 0
4211195 mov 443.83334 42 0
4211198 mov 482.9762 42 0
4211076 load 15.904762 42 3
4211080 mov 623.0238 42 0
4211085 load 16.26829 41 3
4211088 integerALU 623.98413 126 0
4211093 integerALU 804.0 42 0
4211096 branch 804.0 42 0
4211102 load 812.408 125 1
4211111 load 361.88098 42 42
4211115 load 28.547619 42 42
4211119 integerALU 822.5476 42 0
4213168 load 47.73791 183435 148
4211122 branch 857.35 40 0
4213171 mov 66.72067 183488 0
4213176 load 32.713074 183466 148
4211128 integerALU 850.0476 42 0
4213179 load 54.166283 183477 601
4211133 mov 370.3333 42 0
4213183 load 52.550186 366952 601
4213312 integerALU 577.5713 84 0
4211265 load 660.627 126 1
4213314 mov 230.57143 42 0
4213317 integerALU 580.66675 42 0
4213320 integerALU 579.1546 84 0
4211273 integerALU 600.7977 84 0
4211274 mov 802.9524 42 0
4213322 integerALU 381.83334 84 0
4211278 integerALU 798.3333 42 0
4213326 integerALU 581.13257 83 0
4213328 integerALU 578.1548 84 0
4211281 integerALU 598.21704 83 0
4211282 load 648.30414 125 1
4213330 integerALU 577.65497 84 0
4213331 integerALU 577.1546 84 0
4213332 integerALU 582.4761 42 0
4211286 mov 780.6429 42 0
4213336 store 591.6905 42 0
4211290 integerALU 566.47626 84 0
4211292 mov 360.92856 42 0
4213341 load 591.6905 42 1
4211295 mov 780.6429 42 0
4213346 store 591.6905 42 0
4211299 integerALU 565.9762 84 0
4211300 integerALU 638.0873 126 0
4213351 load 582.738 42 1
4211305 integerALU 239.85715 42 0
4211307 load 595.3095 42 1
4213356 store 591.6905 42 0
4211312 store 602.21436 42 0
4213361 load 591.42847 42 1
4211316 load 496.4524 42 1
4213366 mov 541.5476 42 0
4211321 integerALU 293.2143 42 0
4213371 load 591.6905 42 1
4211325 load 370.83334 42 1
4211201 load 405.42856 42 42
4211205 integerALU 413.5 42 0
4211208 load 770.5238 42 42
4211212 load 770.5238 42 42
4211216 integerALU 405.38095 42 0
4211219 mov 830.7857 42 0
4211223 integerALU 830.7857 42 0
4211227 integerALU 825.6905 42 0
4211230 branch 825.6905 42 0
4211249 integerALU 817.5238 42 0
4211251 load 782.6868 83 41
4211255 store 806.7857 42 0
4211260 store 806.7857 42 0
4213440 branch 284.6529 2512 0
4213442 load 521.9772 4915 143
4215492 integerALU 114.8201 1384 0
4213447 branch 532.25934 2460 0
4215495 mov 36.989162 462 0
4213449 integerALU 527.86414 2456 0
4215498 load 60.828606 461 5
4213453 integerALU 240.87706 2456 0
4215503 integerALU 146.95639 459 0
4213457 integerALU 522.61145 4916 0
4215505 branch 146.3312 462 0
4213461 load 526.7662 2453 8
4215511 integerALU 44.081535 1263 0
4211416 mov 27.142857 42 0
4213464 store 529.123 2451 0
4215514 integerALU 56.527317 421 0
4211419 mov 370.3333 42 0
4213468 load 527.23566 2457 8
4215516 branch 56.527317 421 0
4211422 mov 27.142857 42 0
4213471 mov 287.3148 2457 0
4211425 jump 856.1905 42 0
4213474 integerALU 527.8974 2458 0
4215522 load 140.97377 459 5
4213478 store 529.30316 2456 0
4215527 mov 35.982544 459 0
4213482 load 525.5613 2459 8
4215530 integerALU 47.88095 462 0
4213485 integerALU 534.4045 2457 0
4215535 integerALU 146.7879 462 0
4211440 load 381.65857 41 1
4213488 store 531.12573 2460 0
4215538 store 140.56276 462 0
4213492 load 532.262 7363 81
4211445 mov 382.1905 42 0
4215543 integerALU 68.19127 460 0
4211448 jump 821.7381 42 0
4213496 load 531.10077 2459 8
4215546 mov 69.83115 462 0
4213499 store 533.561 2457 0
4215549 store 140.82903 462 0
4213376 jump 592.643 42 0
4215425 integerALU 88.02103 1911 0
4211332 store 505.4762 42 0
4215428 integerALU 98.8744 637 0
4215430 branch 99.72082 634 0
4213384 branch 552.79297 58 0
4211337 integerALU 377.2381 42 0
4211340 branch 377.2381 42 0
4215436 load 16.251705 147 2
4213393 integerALU 462.26315 57 0
4215441 mov 10.5821905 146 0
4215444 mov 16.571428 147 0
4213397 integerALU 587.724 58 0
4215447 integerALU 23.822723 440 0
4213401 branch 587.724 58 0
4215450 integerALU 31.424658 146 0
4213403 load 532.385 5034 1
4213406 branch 535.2276 2510 0
4213408 integerALU 233.25229 5027 8
4215456 jump 34.238094 147 0
4213412 load 531.6349 5029 84
4215461 integerALU 142.76454 459 0
4213417 branch 537.566 2513 0
4215465 mov 98.80739 462 0
4213419 load 234.2426 2518 84
4215468 integerMul 142.44377 462 0
4213422 load 297.70276 2515 144
4215472 store 146.26941 460 0
4213426 load 519.96655 2517 144
4215477 integerALU 94.13802 920 0
4213430 load 300.67767 5025 135
4213433 load 272.55124 2515 144
4215481 integerALU 37.169205 461 0
4215484 mov 37.123905 460 0
4213437 load 277.1432 5028 133
4215487 store 147.69135 460 0
4215618 integerALU 132.43387 461 0
4213571 nop 956.0476 42 0
4215620 branch 132.49248 461 0
4213576 integerALU 926.8571 42 0
4215626 integerALU 169.44444 27 0
4213580 integerALU 948.9524 42 0
4215629 integerALU 207.88889 9 0
4213583 integerALU 945.5238 42 0
4215631 branch 207.88889 9 0
4213587 integerALU 511.39035 41 0
4215637 load 160.625 8 2
4213591 mov 938.881 42 0
4213594 mov 957.4762 42 0
4215642 mov 106.0 9 0
4215645 mov 163.33333 9 0
4213598 store 967.5714 42 0
4215648 integerALU 178.81482 27 0
4213601 integerALU 957.4762 42 0
4215651 integerALU 217.77777 9 0
4213604 branch 957.4762 42 0
4215657 jump 220.55556 9 0
4213610 store 967.5714 42 0
4215662 integerALU 33.894634 3851 0
4213614 jump 967.5714 42 0
4213616 integerALU 1195.8313 146152 0
4215666 mov 32.739555 3844 0
4213620 branch 1196.9003 146156 0
4215669 load 32.89924 3849 82
4215672 integerALU 32.69442 3854 0
4213627 integerALU 532.1022 146556 0
4215676 integerALU 32.735104 3850 0
4213630 integerALU 1194.3286 146582 0
4215554 integerALU 117.72727 1386 0
4213507 integerALU 538.969 2453 0
4215557 mov 40.13854 462 0
4213511 branch 539.5157 2460 0
4215560 mov 89.32829 460 0
4213513 store 933.0476 42 0
4215563 integerALU 135.4881 459 0
4213516 integerALU 931.0476 84 0
4215565 branch 139.36879 461 0
4213524 load 485.3095 42 1
4213527 integerALU 931.0476 42 0
4213531 load 925.4048 42 1
4215582 load 131.43813 461 5
4213538 load 902.119 84 1
4215587 integerALU 43.37013 462 0
4215590 mov 136.6854 461 0
4213543 integerALU 932.8333 84 0
4215593 load 71.49725 917 5
4213547 integerALU 161.65854 41 0
4215598 mov 42.51082 462 0
4213551 integerALU 923.70734 41 0
4215601 mov 71.616005 461 0
4213555 integerALU 956.4048 84 0
4215604 store 128.89117 460 0
4213559 mov 482.33334 42 0
4215609 integerALU 113.33331 1383 0
4213562 integerALU 955.119 42 0
4215612 mov 94.034615 462 0
4213567 integerALU 956.0476 42 0
4215615 mov 103.37608 460 0
4213697 load 752.70966 15987 1
4209602 integerALU 708.54755 42 0
4213700 integerALU 289.49487 15984 0
4209605 branch 708.54755 42 0
4213703 integerALU 758.4766 31971 141
4213707 store 764.3789 15984 0
4213711 load 758.9062 15985 1
4209616 integerALU 740.2381 42 0
4213714 integerALU 797.55054 15985 0
4209619 branch 740.2381 42 0
4213717 integerALU 765.406 31969 141
4213721 store 777.37476 15984 0
4213725 load 782.2314 47951 598
4213729 load 767.488 15983 1
4213732 integerALU 774.7325 31971 141
4213736 store 781.383 15986 0
4213744 load 790.77936 15981 1
4213747 integerALU 795.969 15984 0
4213750 branch 796.53564 15984 0
4209656 load 712.60785 125 42
4213752 load 1055.9758 41 1
4209659 mov 323.0952 42 0
4213756 load 1055.476 82 1
4209662 jump 747.2857 42 0
4215680 integerALU 31.977098 3851 0
4213633 branch 1195.4792 146572 0
4213635 load 991.43414 162536 162536
4215684 load 32.955097 3844 148
4213639 integerALU 998.3795 162551 0
4215688 store 33.1724 3851 0
4213642 branch 999.8314 162562 0
4215692 store 33.20547 3850 0
4213644 load 602.70984 162134 162134
4215696 integerALU 32.253643 3847 0
4213648 load 1158.5846 162118 162118
4215699 branch 32.28886 3853 0
4213652 load 610.0695 324271 38476
4215701 mov 33.21746 3848 0
4213655 mov 621.34283 162118 0
4215704 mov 34.15162 3847 0
4213658 load 624.0796 162143 162143
4215707 integerALU 34.23338 3854 0
4215710 integerALU 30.227688 3843 0
4213662 load 630.37726 324265 39285
4209568 integerALU 560.36145 83 0
4215713 integerALU 34.185234 3849 0
4213665 branch 641.68317 162123 0
4209570 integerALU 546.2891 83 0
4213667 integerALU 796.2514 15985 0
4215716 integerALU 33.390404 3850 0
4209572 integerALU 539.9167 84 0
4209574 integerALU 530.9517 83 0
4215719 mov 31.238686 3850 0
4213671 branch 796.75543 15986 0
4209576 integerALU 524.13074 84 0
4209577 integerALU 523.6309 84 0
4213673 load 746.1219 15985 1
4209578 load 741.2381 42 1
4215723 integerALU 31.447641 3849 0
4213676 mov 302.39914 15987 0
4215726 branch 31.468441 3851 0
4209583 load 336.7143 42 1
4213679 integerALU 784.4135 15988 0
4213683 integerALU 747.81244 15984 0
4209588 load 335.1905 42 1
4213687 store 797.3454 15984 0
4209593 load 713.9762 42 1
4213690 integerALU 753.40045 31973 141
4209598 load 741.2381 42 42
4213694 store 759.9125 15983 0
4213825 integerALU 702.8415 82 5
4213830 store 712.3659 41 0
4209736 load 639.78564 42 42
4209740 integerALU 391.09518 42 0
4213838 load 852.39026 41 1
4209743 load 280.0 42 42
4213841 integerALU 712.3659 41 0
4209747 store 622.8571 42 0
4213843 integerALU 852.39026 41 0
4213846 branch 852.39026 41 0
4209751 mov 324.95236 42 0
4213848 mov 1089.9268 41 0
4209754 load 622.8571 42 42
4213851 mov 1060.2925 41 0
4209758 store 622.8571 42 0
4213856 mov 1013.4144 41 0
4209762 store 622.8571 42 0
4213861 integerALU 234.92683 41 0
4209766 store 623.09753 41 0
4213865 integerALU 1096.2562 121 0
4209770 load 314.61902 42 1
4213870 load 608.49994 42 1
4209774 integerALU 272.381 42 0
4209777 mov 598.1667 42 0
4213874 integerALU 0.0 41 0
4209780 integerALU 323.07144 42 0
4213878 load 317.5358 84 1
4213879 load 321.10712 84 1
4209783 branch 323.07144 42 0
4213880 load 190.66664 84 1
4213882 load 311.881 84 1
4213884 load 317.75003 84 1
4213886 load 302.7857 84 1
4213761 branch 1054.9758 41 0
4213763 load 656.0 1 1
4209670 load 323.0952 42 42
4213768 store 1137.0 1 0
4209674 integerALU 323.0952 42 0
4213771 mov 656.0 1 0
4209677 branch 323.0952 42 0
4213774 integerALU 1055.175 40 0
4209679 integerALU 683.9047 42 0
4213777 branch 1077.3903 41 0
4209682 branch 683.9047 42 0
4213779 integerALU 1089.0731 41 0
4213782 branch 1089.0731 41 0
4213788 load 666.3415 41 1
4213793 integerALU 528.7805 41 0
4213795 nop 1090.0488 41 0
4213800 load 666.3415 82 1
4209706 load 326.9762 42 42
4213803 integerALU 1088.0488 41 0
4209710 mov 338.90475 42 0
4213807 integerALU 1088.0488 41 0
4209713 load 313.2619 42 42
4213810 branch 1088.0488 41 0
4213812 integerALU 1089.0488 41 0
4209717 mov 326.7619 42 0
4209720 integerALU 326.90472 42 0
4213816 branch 1089.0488 41 0
4209723 branch 326.90472 42 0
4213822 load 693.3171 41 1
4213953 store 44.795303 3747 0
4209860 store 665.9762 42 0
4213958 store 44.864716 3740 0
4209864 load 305.19052 42 42
4213962 store 44.876183 3747 0
4209868 integerALU 328.14285 42 0
4213967 store 44.90514 3744 0
4209871 store 659.02374 42 0
4213972 jump 45.960426 3739 0
4209879 integerALU 305.19052 42 0
4216023 integerALU 112.331635 1384 0
4209882 mov 701.76196 42 0
4216026 integerALU 135.56926 462 0
4216028 branch 136.0697 460 0
4209886 integerALU 699.381 42 0
4213984 load 20.376497 3923 14
4209889 branch 695.2 40 0
4213988 integerALU 20.629274 3930 0
4213990 branch 20.686422 3926 0
4213996 load 17.346106 3846 14
4214001 load 13.433587 3847 14
4214006 integerMul 17.616304 3847 0
4209912 store 334.16666 42 0
4214010 mov 17.335655 3849 0
4216059 integerALU 922.3984 123 0
4209916 jump 720.30945 42 0
4214013 integerALU 34.100796 3849 0
4216062 integerALU 1042.9756 41 0
4213888 load 338.9524 126 1
4215942 integerALU 110.15204 1355 0
4215945 integerALU 127.87115 450 0
4215947 branch 126.50558 451 0
4209804 load 322.39026 41 41
4213904 integerALU 34.188656 7486 0
4209808 integerALU 333.9286 42 0
4215953 load 335.75 20 2
4213906 mov 42.994675 3744 0
4209811 branch 333.9286 42 0
4213909 mov 32.530533 3744 0
4209813 load 668.2858 42 42
4215958 mov 505.95 20 0
4213912 integerALU 33.970345 7487 0
4209817 store 334.9286 42 0
4215961 mov 448.25 20 0
4213914 mov 43.601097 3740 0
4215964 integerALU 487.95 60 0
4213917 integerALU 33.74502 7485 0
4209821 load 677.02386 42 42
4213919 integerALU 33.409306 7493 0
4215967 integerALU 563.1 20 0
4213921 mov 9.943433 3747 0
4209825 load 308.2857 42 42
4213924 integerALU 33.174747 7486 0
4213925 integerALU 33.108227 7487 0
4209829 integerALU 319.11905 42 0
4215973 jump 552.2632 19 0
4213926 mov 43.49558 3745 0
4209832 branch 319.11905 42 0
4213929 integerALU 45.352825 3750 0
4213933 integerALU 15.932944 3743 0
4209839 store 668.6428 42 0
4213937 integerALU 44.414364 3743 0
4209843 load 305.47617 42 42
4213941 store 44.647697 3747 0
4209847 store 659.2143 42 0
4213946 integerALU 44.06535 7480 0
4209851 integerALU 322.66666 42 0
4213950 integerALU 43.658154 3744 0
4209854 branch 329.12192 41 0
4216129 integerALU 57.0285 421 0
4214085 integerALU 44.51723 145 0
4216135 store 52.661903 420 0
4214088 branch 44.645824 144 0
4216140 jump 59.679337 421 0
4214094 integerALU 19.380987 3848 0
4214097 mov 42.59491 3846 0
4214100 integerALU 39.0852 3850 0
4214102 integerDiv 38.1677 3845 0
4214105 mov 19.339325 3846 0
4214108 store 41.92115 3853 0
4214113 mov 42.544895 7583 0
4214116 store 43.419445 7591 0
4214123 integerALU 40.220474 7591 0
4214126 integerALU 46.62596 7589 0
4214128 branch 46.66598 7589 0
4214130 integerALU 44.67118 7598 0
4214132 integerALU 47.700306 7599 0
4216183 load 78.48718 78 8
4214136 mov 47.640236 7594 0
4214139 store 43.89355 7598 0
4216188 mov 102.99999 77 0
4214142 store 43.99592 7593 0
4216191 store 93.77921 77 0
4214016 integerALU 33.081196 3841 0
4209920 load 325.35712 84 1
4216064 branch 1042.9756 41 0
4214020 mov 33.27616 3846 0
4209925 branch 325.35712 42 0
4214023 integerALU 14.29028 3848 0
4214026 integerALU 17.065695 3849 0
4214029 mov 14.621556 3850 0
4214033 integerALU 15.20597 3850 0
4214036 branch 15.276099 3850 0
4216120 mov 29.111904 420 0
4216123 mov 47.3238 420 0
4214076 integerALU 18.16061 3848 0
4216126 integerALU 42.01742 1262 0
4214079 branch 18.233196 3850 0
4210112 load 603.381 42 1
4216256 store 49.404198 5833 0
4214211 load 55.661655 133 12
4216260 store 49.624798 5832 0
4210117 load 232.66673 84 1
4216264 mov 24.668987 5833 0
4214216 integerALU 43.507572 132 0
4210122 branch 236.78572 42 0
4216267 load 49.792408 11663 8
4214220 load 33.426517 3925 14
4214223 integerALU 33.574142 3923 0
4216272 branch 49.103737 5835 0
4214225 branch 33.620663 3925 0
4216274 mov 40.48246 8463 0
4216277 integerALU 35.6388 8466 0
4214231 load 42.630665 3926 82
4216282 mov 47.541683 8458 0
4214235 load 40.503452 3929 148
4210141 load 250.21428 42 1
4216285 integerALU 50.32338 25395 0
4214239 store 42.949596 3929 0
4216288 integerALU 64.473495 8455 0
4210146 load 234.33736 83 1
4216290 branch 64.50435 8463 0
4214243 store 40.7932 3927 0
4216292 integerALU 56.429768 5829 0
4216294 branch 56.491676 5827 0
4214247 integerALU 18.04819 3922 0
4210151 branch 235.57143 42 0
4210153 nop 619.1905 42 0
4214251 mov 42.13848 3929 0
4214254 store 38.40146 3926 0
4210160 load 500.4079 125 41
4210164 load 232.47617 42 42
4214262 store 38.50268 3925 0
4210168 integerALU 233.42857 42 0
4214267 mov 18.008385 3928 0
4210171 branch 233.42857 42 0
4210173 load 483.59528 84 1
4214270 store 38.55476 3928 0
4210174 load 474.42172 83 1
4210175 load 472.7976 84 1
4216196 integerALU 101.97403 77 0
4214150 integerALU 46.967194 7598 0
4216199 integerMul 76.14103 78 0
4214152 branch 46.994156 7595 0
4214154 integerALU 41.07698 7598 0
4216203 integerALU 98.1282 78 0
4214156 integerALU 48.03646 7588 0
4216206 load 95.410255 156 8
4214160 mov 47.80309 7598 0
4214163 store 44.2644 7601 0
4216211 branch 98.89743 78 0
4214167 load 45.409477 15175 15
4216217 store 91.92308 78 0
4214173 branch 47.037003 7592 0
4216222 load 52.460526 76 8
4214179 load 26.785587 3927 14
4216227 load 71.29486 78 8
4216230 load 74.93985 5449 8
4214184 mov 28.685064 3931 0
4210088 mov 732.52386 42 0
4214187 integerALU 45.78927 3929 0
4210091 integerALU 752.9762 42 0
4216235 branch 73.22743 2725 0
4216237 mov 39.736877 2721 0
4214190 integerMul 46.032654 3920 0
4210095 integerALU 752.9762 42 0
4216240 jump 84.26125 2725 0
4214194 integerALU 15.759532 3930 0
4210098 integerALU 752.9762 42 0
4210101 jump 755.9762 42 0
4214198 mov 27.755846 3932 0
4216248 load 48.611065 5829 36
4214201 integerALU 46.083263 3925 0
4216252 load 48.904533 5829 36
4214205 branch 46.172417 3921 0
4210243 nop 841.5238 42 0
4210248 integerALU 588.6547 84 0
4214345 integerALU 44.44356 45535 0
4210251 branch 588.6547 84 0
4214348 integerALU 98.01639 45521 0
4210253 load 231.12048 83 43
4214351 branch 98.08142 45528 0
4210257 load 507.75006 168 42
4214357 mov 76.116806 52020 0
4210261 branch 242.22624 84 0
4210263 load 422.1905 42 42
4214360 mov 41.01305 52024 0
4214363 integerALU 77.45308 156002 0
4210267 integerALU 422.1905 42 0
4214366 integerALU 87.85674 52024 0
4210270 branch 422.1905 42 0
4214368 branch 87.907074 52029 0
4214370 branch 96.09551 45534 0
4210303 store 836.9762 42 0
4210177 load 472.29758 84 1
4214275 nop 43.979877 3927 0
4210179 load 471.7976 84 1
4210181 load 471.2976 84 1
4210183 load 487.42844 126 1
4214280 store 46.173897 101204 0
4216330 load 84.09323 8168 8
4214285 integerALU 54.2348 101204 0
4216335 load 45.26942 2721 8
4214288 branch 54.247665 101189 0
4210192 integerALU 779.619 42 0
4210194 integerALU 795.119 42 0
4216340 load 79.858406 5443 8
4210197 branch 795.119 42 0
4214294 mov 39.49435 97542 0
4210199 mov 831.4762 42 0
4214297 mov 26.68912 97518 0
4216345 branch 78.24842 2721 0
4216347 integerALU 197.84616 78 0
4214300 integerALU 44.115536 292569 0
4210205 jump 871.2619 42 0
4214303 integerALU 54.73863 97513 0
4216351 load 238.01282 156 8
4210208 load 364.64288 42 42
4216352 load 246.83969 156 8
4216353 load 255.21156 156 8
4214306 branch 54.74798 97516 0
4216355 load 254.30774 156 8
4214308 jump 57.259926 90791 0
4210212 integerALU 389.2381 42 0
4216357 load 262.0384 156 8
4210215 branch 389.2381 42 0
4216359 load 262.42853 154 8
4210217 load 398.325 40 40
4216361 load 266.6923 234 8
4210221 integerALU 626.9037 83 1
4210224 branch 420.3095 42 0
4210226 store 829.7619 42 0
4210229 mov 407.0476 42 0
4210232 store 829.8095 42 0
4210239 load 393.34146 41 41
4210369 branch 834.0 42 0
4216519 store 42.866882 3667 0
4216524 integerALU 21.787231 3671 0
4216528 mov 38.72477 3666 0
4216531 mov 39.822697 3666 0
4216534 load 15.909454 3667 15
4214488 integerALU 32.838856 6480 0
4216539 integerALU 48.39139 3664 0
4214491 branch 32.859867 6491 0
4216542 integerMul 16.18214 3668 0
4214497 load 18.767221 6477 14
4216546 integerALU 39.01663 3671 0
4214500 integerALU 18.99982 6482 0
4216549 store 42.93456 3667 0
4214502 branch 19.09151 6488 0
4214504 load 33.504303 6483 82
4210408 mov 44.952385 42 0
4216554 integerALU 39.352467 3668 0
4210411 jump 835.0 42 0
4214508 load 33.588715 6483 143
4216557 branch 39.420338 3666 0
4214512 store 33.663334 6491 0
4216563 load 42.194958 3662 15
4214516 store 33.79662 6484 0
4216567 mov 21.779888 3671 0
4214520 integerALU 24.84159 6484 0
4216570 store 43.2283 3670 0
4214523 store 26.641228 6486 0
4216574 load 41.14698 14079 15
4210306 load 667.7143 126 1
4210360 load 36.404766 42 42
4210364 load 611.3453 84 1
4216641 branch 46.882225 7802 0
4210512 integerALU 618.84534 84 0
4210514 mov 633.26196 42 0
4210520 integerALU 619.30133 83 0
4210522 integerALU 378.90475 42 0
4210525 integerALU 610.57153 84 0
4210526 mov 611.7857 42 0
4210529 integerALU 615.14276 84 0
4210530 integerALU 624.5238 42 0
4210534 load 204.2619 42 1
4216679 load 43.603092 21132 15
4216683 load 30.606722 7051 15
4216687 load 35.77618 14087 15
4210543 store 624.5238 42 0
4216692 branch 36.039276 7042 0
4210548 integerALU 204.2619 42 0
4216694 integerALU 8.855051 3670 0
4210550 load 11.285715 42 1
4216698 load 26.637455 7326 15
4216699 load 16.047024 7333 15
4216700 load 29.12696 7333 15
4210557 nop 629.805 41 0
4216702 load 28.773193 7332 15
4216579 branch 39.526276 7045 0
4214531 integerALU 27.352634 97262 0
4216581 mov 19.361525 7043 0
4214534 jump 55.850395 97269 0
4216584 jump 48.587593 7041 0
4216592 load 41.340748 7798 145
4216597 load 39.759773 7803 145
4216601 store 41.64135 7799 0
4216606 store 41.816498 7801 0
4216610 mov 31.284796 7798 0
4216613 load 42.452522 15599 15
4216618 branch 41.24749 7792 0
4216620 mov 24.637663 11362 0
4216623 integerALU 24.722612 11358 0
4216628 mov 28.521885 11378 0
4216631 integerALU 37.578846 34109 0
4216634 integerALU 45.27362 11368 0
4216636 branch 45.3983 11370 0
4216638 integerALU 46.835598 7790 0
4214764 branch 56.2807 90796 0
4216704 load 25.70907 7335 15
4210560 load 159.22829 2512 1
4216706 load 23.672344 7334 15
4210563 load 161.31946 2514 8
4216708 load 29.249819 11000 15
4210566 load 222.53772 5024 84
4210571 branch 282.16544 2514 0
4210577 store 282.80145 2516 0
4210582 integerALU 203.71645 2517 0
4210585 integerALU 282.53723 2517 0
4210589 branch 282.6213 2516 0
