PC type slack #Ref SetSize
5273680 integerALU 142.27626 6531 0
4812873 load 848.0 1 1
5273681 integerALU 150.51932 3267 0
5273685 load 124.785286 3265 1
4812866 store 1361.0 1 0
5273692 integerALU 140.11435 3265 0
5273695 branch 140.20847 3266 0
140283911697184 branch 64.08572 35 0
4812891 load 982.0 1 1
4812895 store 1361.0 1 0
4812880 integerALU 612.0 2 0
4812884 store 1361.0 1 0
5273715 store 143.41776 3265 0
4812906 load 982.0 1 1
4429920 load 305.63052 29223 1
4429927 integerALU 307.06235 29223 0
4812911 mov 696.0 1 0
4429930 branch 307.306 29223 0
5273722 store 143.61351 3265 0
140283911697157 load 68.457146 35 2
4812901 load 696.0 1 1
5273697 load 141.22266 3245 1230
4429937 mov 318.15158 29223 0
4812922 load 982.0 1 1
5273700 load 147.74748 9738 1
4812926 integerALU 1362.0 1 0
4429940 load 315.1538 58446 29223
4812913 integerALU 1362.0 1 0
4429947 load 478.5 6 6
4429945 branch 322.36298 29223 0
5273708 store 146.7383 3245 0
4812917 store 1361.0 1 0
4429951 integerALU 871.3333 6 0
140283911697169 load 68.457146 35 1
5269520 mov 352.6 15 0
4812809 load 982.0 1 1
4429826 mov 313.95264 29218 0
5269523 load 345.66666 15 1
4821002 store 669.0 1 0
4812813 load 374.0 1 1
5234697 load 322.98016 58418 1
5269528 jump 432.33334 15 0
4429833 nop 322.3934 29218 0
5234693 store 255.42468 29209 0
4812802 load 374.0 1 1
5234691 integerALU 323.57346 29209 0
4820998 integerALU 246.0 2 0
5269505 store 140.53334 15 0
140283911693182 load 7.0 1 1
4821016 load 412.0 2 1
4812827 integerALU 982.0 2 0
5234717 integerALU 241.60088 58418 1
4429840 load 306.20947 29223 29223
5269510 integerALU 131.0 45 0
4821023 branch 155.0 1 0
4812831 integerALU 678.0 2 0
4429845 mov 319.658 29222 0
4821009 load 155.0 1 1
4812817 integerALU 983.0 1 0
5234710 load 322.65842 29209 1
5269515 load 426.6 15 1
4429848 integerALU 318.91483 29223 0
4812820 store 1360.0 1 0
4429854 integerALU 321.4974 29223 0
4812823 integerALU 982.5 2 0
5234704 branch 323.58087 29209 0
4821033 branch 2441.0 1 0
4812842 load 695.0 1 1
5234731 integerALU 243.56163 58418 0
4812846 load 374.0 1 1
4429860 branch 321.76257 29223 0
5234728 store 247.92218 29209 0
4821025 load 669.0 1 1
4429866 store 322.09906 29223 0
4812835 load 1185.0 1 1
5234725 load 246.11905 58418 11086
4821048 load 1255.0 1 1
4821051 integerALU 0.0 1 0
4812858 load 982.0 1 1
4429872 load 314.45724 58446 29223
4429879 integerALU 1356.0 1 0
4821055 load 1626.0 3 1
4429877 branch 321.89478 29223 0
4812862 load 376.0 1 1
4821041 load 1255.0 1 1
5230647 branch 327.50546 29211 0
5234742 branch 257.42456 29210 0
4812850 load 982.0 1 1
5230644 integerALU 327.49503 29211 0
5234739 integerALU 257.33456 29210 0
4429885 branch 1356.0 1 0
5230641 mov 52.506546 29210 0
4812854 integerALU 940.0 2 0
5230640 integerALU 317.60867 58422 0
4430019 branch 317.981 29222 0
5230797 mov 324.52167 29211 0
4430021 mov 87.07342 29217 0
4813006 load 982.0 1 1
5230790 integerALU 328.969 29210 0
4812995 load 982.0 1 1
4430024 store 311.9871 29217 0
5230788 integerALU 326.484 29211 0
4812999 store 1358.0 1 0
4430029 integerALU 308.71072 87650 0
5230785 mov 327.42404 29210 0
5263552 load 152.19063 6534 1241
4430034 load 94.122986 29216 1
5230813 mov 50.290585 29211 0
140283911695292 store 103.027794 36 0
4813018 branch 1361.0 1 0
4430039 mov 93.46835 29216 0
5230811 branch 328.81192 29211 0
5263559 branch 152.56496 3266 0
4430042 integerALU 307.2851 29216 0
4813010 store 1357.0 1 0
5230804 integerALU 328.64496 29210 0
4430047 nop 745.5 2 0
5230802 branch 327.50803 29211 0
4813015 integerALU 1361.0 1 0
4430045 branch 307.3624 29215 0
5230800 integerALU 325.7957 29211 0
140283911695247 store 102.54287 35 0
5230831 store 311.14722 29210 0
140283911693198 load 7.0 1 1
140283911695245 store 113.666664 36 0
4430048 integerALU 321.6233 29222 0
5230828 load 309.97278 29210 11087
5538032 integerALU 93.97143 35 0
5230826 branch 310.30896 29210 0
4430054 load 268.0 1 1
5538035 mov 80.942856 35 0
4430052 branch 321.85635 29222 0
5230824 integerALU 310.25168 29209 0
140283911693191 store 7.0 1 0
4430059 store 266.0 1 0
5538045 integerALU 89.25 104 0
4813024 integerALU 1361.0 1 0
140283911693189 branch 12.0 1 0
4813027 branch 1361.0 1 0
5230821 load 309.0202 29210 11087
140283911695236 branch 108.72222 36 0
5538040 integerALU 90.159424 69 0
5538041 mov 98.91428 35 0
5230816 integerALU 322.20413 87632 0
5230845 load 312.8877 29210 1
4430064 load 320.85934 29222 2
140283911693211 branch 12.0 1 0
4831485 load 889.0 1 1
5230843 branch 319.37296 29210 0
140283911695258 store 103.027794 36 0
4430070 integerALU 321.6266 29222 0
140283911695257 store 103.027794 36 0
140283911695255 store 103.027794 36 0
140283911693206 load 7.0 1 1
5230838 integerALU 319.37054 29209 0
140283911695253 store 103.027794 36 0
4430076 integerALU 322.56024 29222 0
4429954 branch 871.3333 6 0
4812942 integerALU 374.0 1 0
140283911693287 load 9.5 2 1
4812929 store 1361.0 1 0
5273753 integerALU 138.6775 3267 0
140283911693285 load 7.0 1 1
140283911693283 load 7.0 1 1
5273757 mov 127.12006 3266 0
140283911693281 load 7.0 1 1
4812935 store 1361.0 1 0
5273729 store 143.63652 3267 0
4812955 integerALU 1361.0 1 0
4429968 integerALU 831.8333 6 0
4429975 branch 837.0 6 0
140283911693304 branch 12.0 1 0
4429972 integerALU 837.0 6 0
5263496 integerALU 152.28937 3267 0
5273736 integerALU 131.31586 3265 0
4812945 branch 374.0 1 0
4812947 load 375.0 1 1
5273739 branch 131.63138 3265 0
140283911693300 branch 12.0 1 0
4429981 integerALU 784.0 6 0
5263503 branch 152.24919 3267 0
4812950 integerALU 1362.0 1 0
140283911695310 branch 98.361115 36 0
140283911693262 store 7.0 1 0
5230766 branch 327.15836 29211 0
5263538 integerALU 152.8879 3266 0
5273778 load 332.6 20 1
4429985 integerALU 783.6667 12 0
4812970 integerALU 376.0 1 0
4812973 branch 376.0 1 0
4812975 mov 375.0 1 0
4429989 mov 340.16666 6 0
5273783 mov 223.6 20 0
140283911695303 load 102.69444 36 1
4429995 branch 426.16666 6 0
5230759 load 278.44473 58421 11087
5263545 integerALU 151.39764 3267 0
4812960 branch 1361.0 1 0
5273786 jump 701.55 20 0
4429992 integerALU 426.16666 6 0
5263548 store 152.81778 3266 0
140283911693251 store 7.0 1 0
140283911695297 branch 98.361115 36 0
4429997 load 305.35156 29223 29223
4812966 load 375.0 1 1
5230752 store 230.79941 29211 0
5273760 load 146.71367 6530 1
140283911693279 load 7.0 1 1
5273761 load 148.92595 9798 1
140283911693278 load 7.0 1 1
5263522 integerALU 152.212 3267 0
140283911693277 load 7.0 1 1
4812987 load 982.0 1 1
4430001 load 304.2953 29223 29223
5230778 integerALU 328.59064 29211 0
4812991 load 1357.0 1 1
4430005 integerALU 318.26443 29223 0
5273768 store 74.65 20 0
5230775 mov 324.83084 29210 0
5263529 branch 152.29216 3267 0
4430009 integerALU 318.7458 29222 0
4812978 store 1361.0 1 0
4430015 load 310.85175 58446 29223
5273773 integerALU 74.3 60 0
140283911693266 store 7.0 1 0
4430013 branch 318.71442 29223 0
5263535 load 150.38716 3268 1242
4812982 integerALU 1155.0 3 0
5230768 integerALU 328.28836 29211 0
5263696 integerALU 1361.0 1 0
140283911696942 branch 86.05556 36 0
5263703 branch 1361.0 1 0
140283911696931 load 90.138885 36 36
4430160 load 315.94705 29221 29221
4430165 load 257.5841 29221 29220
140283911696952 branch 12.0 1 0
4813136 integerALU 1354.3334 3 0
4430169 integerALU 320.40997 29221 0
140283911696948 load 7.0 1 1
140283911705137 branch 108.72222 36 0
4430173 integerALU 320.10117 29220 0
4430177 store 317.1899 29221 0
140283911705100 branch 109.138885 36 0
4430182 load 260.3924 29221 1
4430186 store 317.01306 29221 0
140283911705093 load 114.19444 36 1
4430189 load 260.6746 29220 1
4430193 store 262.24112 29221 0
140283911696923 load 92.57141 35 1
140283911705113 branch 111.74286 35 0
4430197 integerALU 320.01822 29221 0
4430203 integerALU 319.91687 29220 0
140283911705110 load 114.19444 72 1
4430201 branch 320.07336 29221 0
4430207 store 262.90808 29221 0
140283911692911 branch 12.0 1 0
4831497 branch 900.0 1 0
5230862 load 315.49838 87630 1
4430081 branch 322.762 29221 0
140283911692907 load 7.0 1 1
4430087 mov 63.99939 29222 0
4831503 integerALU 889.0 1 0
5230855 store 314.17386 29209 0
4430090 integerALU 319.39972 87665 0
5230852 store 311.26218 29210 0
4430095 load 315.7565 29221 29221
4831492 integerALU 900.0 1 0
140283911692897 load 7.0 1 1
140283911692927 branch 12.0 1 0
5538053 integerALU 61.514286 35 0
4831517 branch 900.0 1 0
4430102 branch 320.7289 29220 0
5538050 mov 35.4 35 0
4430100 integerALU 320.6364 29221 0
4831505 load 896.5 2 1
5230871 load 312.11716 87629 1
5538061 load 52.271427 70 2
5230870 load 307.04416 58419 1
5538062 load 57.685703 105 2
140283911692917 load 7.0 1 1
5538056 branch 61.514286 35 0
5538058 mov 35.4 35 0
4831510 store 894.0 1 0
4430120 integerALU 320.31406 29221 0
4430124 branch 320.40878 29220 0
4430130 integerALU 307.4 10 1
4430134 integerALU 894.6 5 0
140283911692889 store 7.0 1 0
140283911692888 store 7.0 1 0
140283911692886 store 7.0 1 0
4430138 integerALU 882.6 5 0
140283911692884 store 7.0 1 0
140283911692882 store 7.0 1 0
4430141 branch 882.6 5 0
140283911692880 store 7.0 1 0
140283911692974 load 7.0 1 1
4430273 jump 1033.0 1 0
140283911692969 store 7.0 1 0
4813248 integerALU 1185.0 1 0
4555212 integerALU 973.0 2 0
4813251 branch 1185.0 1 0
4555215 branch 973.0 2 0
4430288 integerALU 1356.0 1 0
4555217 load 370.0 2 1
4430294 branch 1356.0 1 0
4555228 integerALU 367.5 2 0
4555231 branch 367.5 2 0
4430296 integerALU 1356.0 1 0
140283911692978 load 7.0 1 1
4430302 branch 1356.0 1 0
4555224 integerALU 491.25 4 1
4555239 branch 982.5 2 0
5224939 branch 318.0 1 0
4555233 integerALU 982.5 2 0
5224936 integerALU 318.0 1 0
4430308 load 1348.0 3 1
4555244 integerALU 982.5 2 0
140283911692933 store 7.0 1 0
4430313 branch 1356.0 1 0
4555241 load 368.5 2 2
140283911692958 store 7.0 1 0
5224958 integerALU 901.0 1 0
4555252 load 977.25 4 1
5224952 branch 900.0 1 0
4555250 branch 982.5 2 0
4555260 integerALU 740.0 1 0
5224949 integerALU 900.0 1 0
4555263 store 740.0 1 0
140283911692948 store 7.0 1 0
5224945 load 319.0 1 1
4555258 branch 973.0 2 0
5538196 integerALU 1030.0 1 0
4430211 jump 321.25238 29221 0
5538199 branch 1030.0 1 0
5538192 integerALU 1031.0 1 0
140283911693033 branch 12.0 1 0
5265815 load 158.13419 3268 1242
4831630 load 893.0 1 1
5265818 integerALU 103.784424 3266 0
140283911693028 store 7.0 1 0
5265822 load 132.09854 6533 831
4831642 load 3.0 1 1
140283911693049 branch 12.0 1 0
4831635 store 894.0 1 0
4831657 load 449.5 2 1
140283911693006 branch 12.0 1 0
4831656 load 450.0 2 1
4555175 integerALU 723.5 2 0
4831658 load 449.0 2 1
4430240 integerALU 1357.0 1 0
4430247 store 1033.0 1 0
5538224 integerALU 1032.0 1 0
4831660 load 448.5 2 1
4555168 load 723.5 2 1
140283911693001 load 7.0 1 1
4831662 load 448.0 2 1
5538227 branch 1032.0 1 0
4831649 load 3.0 1 1
4555180 load 365.0 2 1
4831652 integerALU 0.0 1 0
4430252 integerALU 1030.0 2 0
4555178 branch 723.5 2 0
5538213 integerALU 915.0 1 0
4555188 mov 615.0 2 0
5265826 branch 105.53519 3268 0
4555191 load 365.0 2 1
5224891 integerALU 1353.6666 3 0
4555187 integerALU 981.0 4 0
5224888 mov 1334.0 1 0
4430260 integerALU 1032.3334 3 0
5265832 jump 161.38449 3267 0
4831664 load 447.5 2 1
4430265 load 915.0 1 1
4831666 load 520.3333 3 1
4555198 branch 365.0 2 0
5538217 load 993.0 3 1
4430270 mov 1032.0 1 0
4555195 integerALU 365.0 2 0
5222991 store 1128.0 2 0
4430403 integerALU 462.0 9 0
5268049 mov 137.92233 3268 0
4813384 integerALU 1356.0 1 0
4813387 branch 1356.0 1 0
5268051 mov 140.73164 3267 0
5227083 load 1032.5 4 1
5538384 integerALU 316.95798 29215 0
5268054 integerALU 132.51477 6533 0
5222985 load 1034.5 2 1
5227080 integerALU 923.5 4 1
5538387 branch 316.96426 29216 0
4813378 branch 1356.0 1 0
4430408 load 457.33334 6 1
5222979 branch 1128.0 2 0
4430415 branch 457.33334 3 0
5268062 integerALU 152.13684 3268 0
5227072 store 1126.0 2 0
5222976 integerALU 1128.0 2 0
5268033 mov 131.662 3268 0
140283911704893 load 121.138885 36 1
5268037 integerALU 152.2335 3267 0
5227096 jump 1129.0 2 0
5268040 branch 152.5342 3266 0
140283911704886 load 121.083336 36 1
5268046 mov 140.07832 3266 0
140283911704881 store 121.25 36 0
5227089 branch 1032.5 2 0
140283911704880 store 121.25 36 0
5268082 store 152.50021 3267 0
5229165 mov 137.26663 15 0
5229163 integerALU 124.39999 30 0
5223018 branch 989.0 3 0
5229161 integerALU 124.9 30 0
5268087 integerALU 152.47435 3266 0
5223016 integerALU 989.0 3 0
5268091 branch 152.32433 3266 0
5229154 load 79.73333 15 1
5223009 nop 1129.0 2 0
5229152 integerALU 125.399994 30 0
5268065 branch 152.31435 3267 0
5227134 load 14.8 20 1
5229179 branch 117.8 15 0
5538400 load 234.87425 87647 1
5223034 store 1126.0 2 0
5227129 integerALU 68.98305 59 0
5229176 integerALU 117.8 15 0
5223031 integerALU 1127.0 2 0
5229173 mov 133.33333 15 0
5227124 mov 74.65 20 0
5229172 integerALU 124.13332 30 0
5235315 branch 256.8502 29210 0
5268078 load 140.82994 3266 1242
5229169 mov 130.8667 15 0
5227120 integerALU 71.1 20 0
5229168 integerALU 124.63333 30 0
5223024 load 826.0 2 1
5235312 integerALU 256.6708 29210 0
4555269 load 981.0 4 1
140283911696750 branch 90.94444 36 0
4430336 load 140.66667 3 3
4555270 load 980.5 6 1
5538320 mov 1031.0 1 0
4430343 branch 140.66667 3 0
5538323 integerALU 1031.6666 3 0
4430340 integerALU 140.66667 3 0
5224965 jump 901.0 1 0
4430345 load 141.66667 3 1
5538328 integerALU 1032.0 1 0
4430351 branch 464.66666 3 0
140283911704930 branch 109.138885 36 0
5224961 store 319.0 1 0
5538331 branch 1032.0 1 0
4430348 integerALU 464.66666 3 0
5263872 mov 140.40167 3268 0
140283911704959 store 111.19444 72 0
4430353 integerALU 465.66666 3 0
4813338 load 1359.5 2 1
4555286 store 368.5 2 0
4430359 load 142.66667 3 3
5263877 integerALU 155.40836 3266 0
4555280 integerALU 983.5 2 0
4430356 store 141.66667 3 0
4430363 store 459.33334 3 0
5263881 branch 155.58669 3266 0
4813331 store 1359.0 1 0
140283911696756 load 95.25 36 3
4555289 jump 983.5 2 0
5263887 jump 156.34676 3267 0
5268016 integerALU 149.28966 6534 0
5222959 integerALU 1128.5 2 0
4430371 integerALU 142.66667 3 0
5222958 integerALU 1118.5 4 0
5268018 integerALU 149.2279 6534 0
5222956 mov 920.5 2 0
5268020 integerALU 149.00534 6532 0
5222955 integerALU 1119.0 4 0
4813356 branch 1361.0 1 0
4430374 mov 465.66666 3 0
5268022 integerALU 148.51413 6535 0
140283911704905 load 121.138885 36 1
5222953 integerALU 1119.5 4 0
5268024 integerALU 147.85637 6533 0
5222951 integerALU 1120.0 4 0
4813345 load 637.0 1 1
5268025 integerALU 147.01572 6534 0
5268026 integerALU 153.342 3266 0
5222949 integerALU 1120.5 4 0
4430377 integerALU 465.66666 3 0
140283911704899 branch 115.55556 36 0
4813349 store 637.0 1 0
5222946 integerALU 1126.0 2 0
5268030 load 131.75401 3266 1242
4430381 mov 463.66666 3 0
5222944 integerALU 1121.0 4 0
4813368 branch 1356.0 1 0
4430386 branch 463.66666 3 0
5227069 integerALU 926.5 2 0
140283911704924 load 114.19444 36 1
5222972 store 1128.0 2 0
4813370 load 1334.0 1 1
4430384 integerALU 463.66666 3 0
4813373 integerALU 1356.0 1 0
140283911704922 branch 111.91428 35 0
5227062 load 920.5 2 1
5222965 load 1126.0 2 1
4813362 load 1334.0 1 1
140283911704915 load 120.62857 35 1
4813365 integerALU 1356.0 1 0
4430399 load 148.33333 3 3
5222961 integerALU 1124.5 2 0
5227056 load 1126.0 2 1
5227215 store 671.4 20 0
5229262 integerALU 58.642857 14 0
140283911696814 branch 1031.0 8 0
4831947 integerALU 129.5734 3265 0
5223117 integerALU 1128.0 2 0
4428487 integerALU 263.0 1 0
5268183 load 147.8101 6533 1
4831950 branch 129.4536 3265 0
5223111 store 1126.0 2 0
5229254 integerALU 124.59999 30 0
140283911696806 branch 1031.0 6 0
4428490 store 250.0 1 0
5223109 integerALU 1127.0 2 0
5268187 branch 153.47404 3266 0
5227204 store 671.4 20 0
4831940 mov 148.65796 3266 0
140283911704994 branch 86.05556 36 0
5227202 branch 89.10381 3351 0
5229250 integerMul 100.13333 15 0
4831943 load 126.16937 3265 410
5223105 integerALU 1127.0 2 0
4428493 store 250.0 1 0
140283911704992 load 90.13886 72 1
4831961 branch 146.12782 3266 0
140283911705021 branch 86.05556 36 0
5223131 integerALU 935.5 6 1
4428503 branch 261.0 1 0
4831967 integerALU 127.20821 3265 0
5227225 load 200.0 20 1
5229272 branch 129.86667 15 0
4428500 integerALU 261.0 1 0
5223127 mov 935.5 2 0
140283911696823 branch 1031.0 2 0
4831952 load 139.61185 6532 1241
5229269 integerALU 129.86667 15 0
5235413 branch 318.86118 29210 0
4428505 load 54.0 1 1
4428511 branch 262.0 1 0
4831956 branch 150.0298 3266 0
5229266 integerALU 131.8 15 0
5235410 integerALU 318.98096 29210 0
5223121 branch 1128.0 2 0
4831958 integerALU 146.32198 3266 0
140283911696816 load 1033.0 2 2
4428508 integerALU 262.0 1 0
5229293 integerALU 118.841835 3294 0
4428513 integerALU 54.0 1 0
4831978 mov 153.74391 3267 0
5227243 store 671.4 20 0
4428519 integerALU 262.0 1 0
140283911704970 branch 86.05556 36 0
5229290 integerALU 164.18398 3292 0
4831983 mov 143.82068 3266 0
140283911696776 load 95.25 36 2
4428516 store 247.0 1 0
4831969 integerALU 145.22342 9797 0
5229287 store 164.53763 3292 0
4428522 branch 262.0 1 0
5227235 load 671.40015 60 1
5229283 integerALU 43.7725 3292 0
5268221 integerALU 69.25673 3268 0
4428526 load 255.5 2 1
4428525 load 256.0 2 1
4831974 load 133.41908 3265 410
5227232 load 365.64996 20 20
5229280 mov 43.416218 3279 0
4428524 load 254.0 2 1
5223166 store 895.0 1 0
4831994 store 140.65712 3266 0
140283911696796 branch 1031.0 1 0
4428528 load 255.0 3 1
5229306 integerALU 325.26663 30 1
5229305 load 306.3 30 1
5223161 load 900.0 1 1
4831998 jump 151.53014 3267 0
140283911696792 branch 90.94444 36 0
140283911704983 branch 86.05556 36 0
4428539 integerALU 246.0 1 0
5227254 load 349.91525 59 1
4831986 mov 129.01639 3265 0
4428536 load 39.0 1 1
4831989 integerALU 151.02068 9798 0
5227250 integerALU 332.8 20 0
5229298 store 357.13333 15 0
4428542 branch 246.0 1 0
140283911704976 load 90.138885 36 1
5229296 branch 119.17719 3293 0
5229199 mov 130.8667 15 0
4831883 mov 141.07083 3266 0
5223053 integerALU 935.5 2 0
5227148 integerALU 15.85 20 0
5223051 mov 833.0 2 0
5229193 branch 79.73333 15 0
140283911696873 branch 1031.0 2 0
4831886 mov 135.98662 3266 0
5223048 load 833.0 2 1
140283911705062 branch 86.05556 36 0
5227141 store 15.85 20 0
5229189 load 79.73333 30 1
5223044 integerALU 976.5 4 0
5229185 load 80.066666 15 1
5223041 mov 1127.0 2 0
4831878 load 125.349884 3267 1
140283911696864 load 1033.0 2 1
4831897 integerALU 142.3909 9799 0
5229215 integerALU 116.933334 15 0
4428435 integerALU 255.5 2 0
5223070 integerALU 1128.0 2 0
4428434 integerALU 256.0 2 0
5227165 integerALU 15.7 20 0
4428432 integerALU 256.5 2 0
5227162 store 15.85 20 0
5229210 integerALU 129.37779 45 0
5223066 integerALU 1029.0 2 0
4831902 integerALU 145.04034 3266 0
4428436 load 251.0 1 1
4831889 integerALU 149.9089 3267 0
5229206 store 118.8 15 0
5223062 load 826.0 2 1
140283911705077 load 86.81944 72 3
140283911696885 branch 1031.0 1 0
140283911705076 load 88.527794 36 3
5223060 branch 1128.0 2 0
4428440 integerALU 262.0 1 0
4831893 integerALU 137.19194 3267 0
140283911705075 load 90.138885 36 2
5227155 store 15.85 20 0
4428447 integerALU 262.0 1 0
5229202 integerALU 80.8 15 0
5223056 integerALU 1128.0 2 0
4428444 integerALU 262.0 1 0
5227183 nop 18.3 20 0
4428451 branch 262.0 1 0
5268145 store 141.23634 3267 0
140283911696845 store 1033.0 2 0
5229228 integerALU 97.1 30 0
5268148 integerALU 151.21304 3266 0
140283911705033 branch 86.05556 36 0
5229225 mov 123.13333 15 0
5268151 branch 151.05782 3267 0
5227176 store 14.8 20 0
4831905 branch 145.27054 3267 0
5268153 mov 142.02095 3266 0
5268155 integerALU 142.62799 9803 1
5229220 integerALU 83.96667 30 0
140283911705027 load 90.138885 36 36
5223074 branch 1128.0 2 0
5227169 store 14.8 20 0
5229217 mov 60.92857 14 0
4831929 load 138.86478 6533 1
5227199 integerALU 88.052414 3353 0
5229247 integerDiv 100.13333 15 0
5223102 integerALU 1029.0 2 0
5268131 load 140.22893 3266 1242
140283911696860 branch 116.35135 37 0
5229244 mov 121.53333 15 0
5227195 store 88.66623 3353 0
5268134 integerALU 141.35413 3267 0
4831934 branch 139.11967 3267 0
5229240 store 110.73333 15 0
4831922 store 145.93823 3266 0
140283911705044 branch 86.05556 36 0
5227188 store 87.60529 3352 0
5229236 store 110.73333 15 0
140283911696852 branch 1031.0 2 0
5268141 integerALU 140.59532 3266 0
5268143 integerALU 150.47672 3267 0
5227184 integerALU 84.75066 3352 0
5229232 store 110.73333 15 0
4813642 integerALU 1357.3334 3 0
4813647 load 1334.0 1 1
4813634 mov 743.0 1 0
4813637 store 1357.0 1 0
4832088 load 897.5 2 1
4813656 mov 1334.0 1 0
4813659 jump 1362.0 1 0
4832095 branch 900.0 1 0
4832080 load 894.0 1 1
4832085 mov 896.0 1 0
4813652 store 1360.0 1 0
4832107 integerALU 893.6667 3 0
5268342 integerALU 141.60115 3267 0
5237609 load 868.5 2 1
5237607 branch 375.0 1 0
5268345 branch 141.6702 3266 0
5237604 integerALU 375.0 1 0
5237601 mov 375.0 1 0
5268351 load 142.62292 3267 831
5237600 integerALU 1051.0 2 0
4813689 integerALU 1356.0 1 0
5268321 load 150.46695 6533 1
4428658 integerALU 318.5408 58443 0
5237629 load 837.0 2 1
4428656 integerALU 317.80798 58444 0
4813692 branch 1356.0 1 0
4428662 mov 59.6389 29222 0
5268326 branch 150.63751 3266 0
5237625 integerALU 1360.0 1 0
4428661 integerALU 319.98123 58443 0
4428660 integerALU 319.1383 58444 0
4832112 store 893.0 1 0
4813680 integerALU 1356.0 1 0
4813683 branch 1356.0 1 0
4428665 integerALU 305.8699 29222 0
5268332 mov 138.14723 3267 0
4832117 jump 901.0 1 0
5235571 branch 1227.0 1 0
5237618 load 1361.0 1 1
5268334 integerALU 139.54266 6533 1
4428669 load 311.98993 29222 29222
5237616 branch 1361.0 1 0
5235568 integerALU 1227.0 1 0
5268240 mov 152.51782 3266 0
4428547 integerALU 39.0 1 0
5223182 load 449.5 2 1
5223180 load 450.0 2 1
4428544 load 39.0 1 1
4428551 integerALU 263.0 1 0
5223178 load 450.5 2 1
5229321 load 339.0445 45 1
5223177 load 451.0 2 1
4428549 branch 39.0 1 0
5223176 load 451.5 2 1
5229319 load 267.53336 30 1
4428554 mov 261.0 1 0
5268250 integerALU 152.11496 3267 0
5229317 load 241.03448 29 1
5223172 integerALU 3.0 1 0
5268252 branch 152.14445 3267 0
5229315 load 305.3 30 1
5229314 load 268.46667 30 1
4428563 load 249.0 1 1
5268225 load 107.86802 6533 1
5268226 load 107.05169 6534 1
5268227 load 146.6691 6533 1
4428560 store 247.0 1 0
5268229 load 147.16173 6537 1
4428566 integerALU 249.0 1 0
5268231 load 147.4732 6533 1
4428571 mov 250.0 1 0
5268233 load 147.9417 6533 1
4428569 branch 249.0 1 0
5268235 load 148.39203 9799 1
5223186 load 595.0 3 1
4428574 load 250.0 1 1
5223184 load 449.0 2 1
4428577 integerALU 262.0 1 0
4428580 branch 262.0 1 0
4361011 branch 148.33333 3 0
4813627 branch 1361.0 1 0
4361008 integerALU 148.33333 3 0
4813629 mov 1361.0 1 0
4813616 load 743.0 1 1
4813619 integerALU 1186.0 1 0
4813623 load 1054.0 2 1
5235695 jump 1228.0 1 0
5235693 integerALU 1225.0 1 0
5235690 store 1227.0 1 0
5235688 integerALU 1228.0 1 0
5235685 mov 1227.0 1 0
5268475 integerALU 151.68945 3268 0
5268478 branch 151.77219 3266 0
5235680 integerALU 1228.0 1 0
5268370 branch 151.7594 3267 0
5237645 load 1356.0 1 1
4428673 integerALU 324.8656 29221 0
4813706 load 1356.5 2 1
5237643 branch 837.0 1 0
4813711 branch 1356.0 1 0
4428677 integerALU 325.70886 29222 0
4428681 branch 326.00867 29222 0
5237636 store 1361.0 1 0
4813698 integerALU 1356.0 1 0
4813701 branch 1356.0 1 0
4428687 branch 326.33472 29222 0
4813703 load 1357.0 1 1
5237663 mov 375.0 1 0
5268354 integerALU 148.4922 6534 0
4428693 integerALU 326.5316 29216 0
5237656 load 704.0 3 1
5268362 load 143.14873 3268 1
4428697 branch 326.75912 29217 0
5237652 integerALU 1358.0 2 0
4428703 branch 326.96637 29217 0
5268367 integerALU 151.51372 3266 0
5268400 mov 144.60527 3266 0
5215149 branch 1042.3334 3 0
5268403 store 142.42699 3266 0
5215146 integerALU 1042.3334 3 0
4428709 integerALU 744.0 2 0
5268407 load 133.34969 3268 1
4428713 branch 744.0 2 0
140283911719108 store 9.5 2 0
5268412 integerALU 133.915 3266 0
5215139 store 1490.0 3 0
5237667 load 1168.6666 3 1
4428719 branch 744.0 2 0
5237666 load 768.5 2 1
5268414 branch 134.25089 3266 0
5215136 integerALU 1132.3334 12 3
140283911719130 load 9.5 2 1
5268392 load 143.17258 3268 1
5268397 integerALU 144.11221 3266 0
5235791 load 281.56537 58419 1
5262417 branch 144.95862 3268 0
5235790 load 281.47507 58420 1
5235789 load 275.55325 58419 1
4428864 branch 655.25 4 0
4428870 branch 655.25 4 0
5235785 integerALU 234.88264 29210 0
5262423 load 145.86955 3267 1242
5262426 mov 131.82262 3268 0
5235779 branch 315.7311 29210 0
5262429 mov 137.18254 3267 0
4428876 integerALU 655.25 4 0
140283911698238 store 9.5 2 0
4428882 integerALU 655.25 4 0
140283911694138 store 7.0 1 0
4428886 branch 655.25 4 0
5262407 store 156.58914 3269 0
5235799 load 308.69702 87629 1
5235797 load 277.80466 58420 1
5262412 integerALU 152.31082 3267 0
5235795 load 281.72842 58419 1
5262414 integerALU 145.02202 3268 0
5235793 load 281.44925 58420 1
5262451 branch 157.27032 3268 0
5262457 integerALU 138.18211 3267 0
5262460 mov 89.258606 3268 0
5262432 mov 156.55046 3269 0
5262435 integerALU 156.97443 3269 0
5262440 branch 157.32297 3268 0
5262446 integerALU 157.45871 3267 0
5268497 branch 152.69533 3267 0
4832268 load 888.0 1 1
140283911698281 store 92.51429 35 0
5268503 store 144.20677 3266 0
5268507 jump 154.29228 3267 0
4428817 integerALU 982.1667 6 0
140283912199940 load 9.5 2 1
5268484 integerALU 152.22083 3266 0
140283912199938 load 7.0 1 1
4428822 store 743.0 3 0
140283912199937 load 7.0 1 1
5268487 branch 152.2677 3267 0
140283912199936 load 7.0 1 1
4832273 load 890.5 2 1
5268493 integerALU 152.32413 3268 0
4428830 integerALU 245.0 3 0
4832278 branch 888.0 1 0
5262384 integerALU 148.68729 6534 0
4428835 load 349.0 6 1
5268529 branch 149.58246 3267 0
4428834 load 495.5 6 1
5262386 store 147.90436 6534 0
5262388 integerALU 147.91725 6535 0
4428838 load 617.3333 6 1
5262390 integerALU 147.81873 6535 0
4428836 load 472.33334 6 1
5262392 integerALU 148.10587 6536 0
5262393 integerALU 148.25124 6535 0
140283911698246 branch 12.0 1 0
5262394 integerALU 148.13454 3268 0
4428840 load 737.3333 9 1
140283911694146 store 7.0 1 0
5262398 load 151.61992 3267 1
5268512 mov 147.40802 3266 0
5268515 integerALU 151.74187 3267 0
4428848 integerALU 730.6 5 0
4428854 integerALU 655.25 4 0
5235770 load 313.9443 58419 1
5268518 integerALU 148.29309 6534 0
4428852 branch 730.6 5 0
4428858 branch 655.25 4 0
5235765 load 319.73373 29210 1
5268526 integerALU 149.34814 3266 0
140283911694160 branch 12.0 1 0
4428860 integerALU 655.25 4 0
4428994 load 225.72256 29210 11087
4428992 branch 225.6966 29211 0
4428997 integerALU 326.9329 29211 0
4429000 branch 327.07303 29211 0
4203728 load 102.80554 72 1
4429012 store 313.94748 29210 0
4429020 load 306.6228 29220 29220
4429027 branch 308.11813 29220 0
140283911698318 load 92.51429 35 1
4429024 integerALU 308.02 29219 0
140283911698310 store 92.51429 35 0
4429033 integerALU 299.91418 29218 0
4429039 load 311.47476 58435 2
140283911698306 store 92.51429 35 0
4429038 load 311.48703 58436 2
4429037 load 310.7153 58435 2
4429043 load 315.0007 87653 2
4429041 load 313.95914 58436 2
140283911698326 branch 88.171425 35 0
5262480 branch 157.32793 3267 0
4428928 integerALU 1032.0 1 0
4428934 branch 1032.0 1 0
5262486 load 145.41925 3268 1242
4428932 branch 1032.0 1 0
5262489 mov 90.48219 3268 0
5262493 mov 145.60437 3268 0
5262465 mov 89.845474 3267 0
4361366 load 459.55554 9 1
5262469 load 89.87054 3268 1241
5262473 integerALU 157.40442 3268 0
5264560 integerALU 1361.0 1 0
5264564 branch 1361.0 1 0
5264570 mov 794.0 1 0
5264573 integerALU 794.0 3 1
5262497 integerALU 157.05548 3269 0
5262501 branch 157.09892 3268 0
5262503 mov 91.446724 3268 0
5262506 integerALU 92.719406 9803 2
4428985 load 53.7066 29211 29211
4428989 integerALU 225.34312 29211 0
5264720 mov 1361.0 1 0
140283911693870 store 7.0 1 0
5264722 integerALU 1362.0 1 0
5264728 store 1352.0 1 0
140283911693862 store 7.0 1 0
5264731 integerALU 1361.0 1 0
140283911693884 load 7.0 1 1
140283911693875 load 8.666667 3 1
5262705 load 149.99849 3267 1242
5264755 load 1356.0 1 1
5262708 load 139.20172 3266 1241
5264759 store 1352.0 1 0
5262712 mov 152.49686 3267 0
5264763 load 1355.0 1 1
5262716 integerALU 156.21326 3267 0
5264766 integerALU 1355.0 1 0
140283911693855 load 7.0 1 1
5264736 branch 1361.0 1 0
5264742 integerALU 1362.0 1 0
5262697 mov 131.0319 3268 0
5264745 load 1352.0 1 1
5262700 integerALU 152.10739 9798 0
5264748 store 1352.0 1 0
5264751 load 1356.0 1 1
140283911693935 branch 12.0 1 0
140283911693927 load 7.0 1 1
140283911693944 load 7.0 1 1
140283912199733 load 9.5 2 1
140283911693901 load 7.0 1 1
140283912199731 branch 12.0 1 0
140283911693895 branch 12.0 1 0
140283911693889 load 7.0 1 1
140283912199716 load 7.0 1 1
140283912199714 branch 12.0 1 0
140283911693914 branch 12.0 1 0
140283911693908 load 7.0 1 1
140283912199723 store 7.0 1 0
5234126 store 331.0087 29211 0
5264850 branch 159.84473 3266 0
5234124 integerALU 326.3363 29211 0
140283911693993 branch 12.0 1 0
5234119 store 330.84244 29210 0
140283911693989 store 7.0 1 0
140283911696062 load 90.138885 36 3
5264834 integerALU 103.31108 3266 0
140283911696061 load 90.138885 36 3
140283911696060 load 90.08333 36 2
5264837 branch 103.570076 3268 0
5234138 branch 241.95709 29210 0
5234135 integerALU 241.57123 29211 0
5264843 integerALU 159.68239 3266 0
4212192 integerALU 138.29955 6533 0
4212194 integerALU 138.11494 6533 0
140283912199924 store 9.5 2 0
4212196 integerALU 137.58946 6532 0
5264886 load 103.805824 3266 1242
4212198 mov 125.622574 3267 0
140283911693961 branch 12.0 1 0
5234153 integerALU 326.7344 29210 0
4212201 integerALU 137.39624 6534 0
5234150 mov 52.12439 29211 0
5264890 load 125.74902 3267 1241
4212202 mov 141.49355 3266 0
140283912199931 branch 12.0 1 0
5234147 mov 240.60327 29211 0
4212205 integerALU 137.78735 6534 0
140283911693954 store 7.0 1 0
5264894 load 107.64159 3267 832
4212206 integerALU 143.6044 3267 0
5234144 load 209.38376 29211 11087
4212210 load 136.11949 3266 1
5234172 integerALU 329.76947 29211 0
4212213 store 149.22058 3268 0
140283911693978 load 7.0 1 1
5234168 mov 212.5303 29211 0
4212218 integerALU 149.15186 3266 0
5234165 nop 331.2119 29211 0
140283911693969 branch 12.0 1 0
140283912199831 load 7.0 1 1
140283912199829 branch 12.0 1 0
5262739 integerALU 156.35945 3267 0
5262743 branch 156.22275 3266 0
140283912199839 branch 12.0 1 0
5264792 integerALU 1352.0 1 0
5264796 integerALU 1361.0 1 0
5262749 mov 141.1087 3267 0
5264799 store 1352.0 1 0
5262720 branch 156.47629 3267 0
5264768 branch 1355.0 1 0
140283912199810 load 7.0 1 1
5262726 integerALU 153.35355 3267 0
140283912199808 store 7.0 1 0
140283912199822 load 7.0 1 1
5262730 integerALU 156.27498 3268 0
5262733 branch 156.32256 3266 0
140283912199818 store 7.0 1 0
140283912199817 store 7.0 1 0
140283912199860 branch 12.0 1 0
5264821 integerALU 159.00848 3266 0
140283911696070 load 88.09721 72 3
140283911696068 load 90.138885 36 3
5264828 branch 159.53116 3266 0
140283911696066 load 87.055565 36 3
140283911696064 load 90.138885 36 3
5262752 integerALU 155.99469 3267 0
140283912199847 branch 12.0 1 0
5234110 load 324.74155 29211 1
140283912199845 branch 12.0 1 0
5264802 jump 1362.0 1 0
5234106 integerALU 328.19034 29211 0
5262758 branch 156.39474 3266 0
5234105 integerALU 321.4707 58421 0
5234104 integerALU 320.87836 58422 0
5264808 integerALU 157.73866 3267 0
5234102 integerALU 320.3585 58421 0
5234100 integerALU 319.86188 58422 0
5234098 integerALU 319.38544 58421 0
5264815 branch 158.70486 3268 0
5234096 integerALU 318.9808 58422 0
4212288 integerALU 148.94011 3266 0
140283911695663 store 95.25 36 0
140283911695659 store 95.25 36 0
4212294 branch 148.80281 3266 0
4212300 load 145.32472 3267 1
140283911695679 store 95.25 36 0
4212305 load 138.74269 6532 1
5234268 branch 330.22253 29210 0
4212309 branch 147.0008 3266 0
5234265 integerALU 330.01596 29209 0
5234261 integerALU 219.4119 29210 0
4212315 load 132.21 3267 1
4212319 load 129.22012 3267 1
140283911695631 store 95.25 36 0
5265011 store 153.28998 3266 0
4212324 integerALU 146.8562 3266 0
5265015 load 151.59975 3266 1242
4212327 branch 146.84247 3267 0
140283911695624 store 95.25 36 0
5265018 store 152.18002 3267 0
140283911695619 store 97.91428 35 0
4212333 integerALU 148.34224 3267 0
5234274 integerALU 223.94843 87629 1
5265022 load 151.66771 3266 1242
4212339 branch 148.644 3267 0
140283911695643 store 95.25 36 0
5264998 load 105.738945 3268 832
5265002 load 110.533554 9802 3263
5265007 load 152.36613 3268 1241
4212224 branch 148.92534 3266 0
5264913 integerALU 156.8823 3266 0
5264916 branch 157.11664 3266 0
5234186 branch 330.26218 29210 0
4212230 mov 137.5468 3266 0
140283911695721 store 95.25 36 0
5269016 store 143.15392 3267 0
4212233 integerALU 136.74474 3268 0
5234182 integerALU 330.04584 29210 0
140283911695716 store 95.25 36 0
4212236 branch 136.79251 3266 0
140283911695712 store 95.25 36 0
5234176 branch 329.95956 29210 0
5264898 load 123.79729 6532 3262
4212242 integerALU 149.10782 3266 0
5264903 branch 157.60999 3268 0
4212248 branch 149.19688 3269 0
140283911695732 branch 90.94444 36 0
5264909 load 156.45505 3267 1242
140283911695690 store 95.25 36 0
5269025 integerALU 144.04388 3266 0
5269028 mov 143.31075 3267 0
5269031 integerALU 144.06282 3268 0
5269033 integerALU 151.88339 3266 0
140283911695700 store 95.25 36 0
5269036 store 152.27072 3266 0
4212284 load 129.83153 3266 1
5269039 jump 152.69717 3267 0
4429504 integerALU 262.0 1 0
5316308 store 1354.0 1 0
4429510 integerALU 39.0 1 0
4429508 branch 262.0 1 0
4429514 mov 251.0 1 0
5316315 integerALU 1358.6666 3 0
4429517 integerALU 259.0 3 0
5263040 load 134.9836 6536 1
5234399 integerALU 328.67493 29210 0
5263041 load 130.71373 6536 2
5316288 mov 743.0 1 0
4429522 jump 263.0 1 0
5263042 load 134.75912 6534 2
5316291 store 1354.0 1 0
5263044 load 130.81602 6535 2
5234395 load 56.839806 29210 11086
5263046 load 134.31328 6537 2
5263048 load 129.5139 6535 1
5263050 load 132.94984 9803 1
5316298 integerALU 1361.0 1 0
5316301 store 1354.0 1 0
5234413 branch 329.1749 29210 0
5316338 store 1355.0 1 0
4429536 integerALU 1032.0 1 0
5263092 mov 156.14217 3267 0
5234410 integerALU 329.03867 29209 0
5263094 integerALU 158.20032 3266 0
4429540 branch 1032.0 1 0
5316345 branch 1350.0 1 0
4429546 integerALU 1032.0 1 0
5234404 branch 328.90732 29210 0
5263100 integerALU 157.74124 3268 0
4429550 branch 1032.0 1 0
5263103 branch 157.71695 3267 0
5263072 mov 155.30838 3267 0
5316320 load 1355.0 1 1
5263074 integerALU 156.87639 3266 0
5234429 branch 329.23392 29210 0
5234427 integerALU 329.14648 29210 0
5316327 integerALU 1360.0 1 0
4429556 nop 1033.0 1 0
5234424 load 207.04922 29209 11086
5263080 integerALU 156.93672 3267 0
5234422 branch 219.81723 29210 0
5316331 load 1350.0 2 1
4429560 load 703.64703 17 9
5234419 integerALU 219.36995 29210 0
5263086 branch 157.05597 3267 0
4429564 branch 736.2222 9 0
5316243 branch 1361.0 1 0
5316249 load 794.0 1 1
140283911693796 load 7.0 1 1
140283911693792 load 7.0 1 1
5316225 mov 743.0 1 0
5265025 store 152.04694 3266 0
5316224 integerALU 1354.5 2 0
5316229 integerALU 1354.0 1 0
5265029 load 152.97261 9799 1242
5316228 integerALU 1354.0 2 0
5316233 integerALU 1361.0 1 0
140283911693814 branch 12.0 1 0
5265036 jump 153.35092 3266 0
5316237 branch 1361.0 1 0
5316239 load 1053.5 2 1
140283911695822 branch 90.94444 36 0
5316276 store 1358.0 1 0
5263030 branch 145.12204 3267 0
140283911695815 load 95.25 36 1
4212394 store 132.7295 3267 0
5316283 mov 1361.0 1 0
5263036 integerALU 117.24389 3268 0
5316285 mov 794.0 1 0
4212398 integerALU 138.60767 6535 0
5316256 integerALU 1353.0 1 0
4212402 store 130.85628 3266 0
5316259 branch 1353.0 1 0
4429488 integerALU 327.29086 29215 0
4212405 load 142.79387 6533 1
4429492 branch 327.53345 29214 0
5263016 load 148.3772 3268 1
5316265 load 1354.0 1 1
4429498 branch 385.5 4 0
4212411 branch 149.05516 3267 0
5263021 load 144.17651 6535 1
5316268 load 1359.3334 3 1
5263185 mov 143.93456 3266 0
5234510 integerALU 252.36334 29209 0
5263188 integerALU 157.69995 3267 0
5234507 mov 242.5938 29209 0
5234504 mov 239.93715 29209 0
4833088 jump 901.0 1 0
5263194 integerALU 157.73088 3267 0
5234501 load 253.97581 29209 11085
5263171 mov 155.6504 3267 0
5263173 integerALU 157.72566 3267 0
140283911697464 load 7.0 1 1
4212569 load 147.30823 3266 1
5263179 integerALU 158.06413 3267 0
5234516 jump 324.55804 29209 0
5263182 store 157.36726 3267 0
4212574 integerALU 106.11018 3267 0
5234512 integerALU 320.60715 29209 0
4429667 branch 425.66666 3 0
5263217 branch 158.5788 3266 0
4212578 load 127.01068 6532 1
4212579 load 127.29784 6533 1
4429664 integerALU 425.66666 3 0
4212580 load 126.40802 6534 1
4212582 load 123.20646 6534 1
4212584 integerALU 141.20508 6533 0
4429673 jump 504.5 2 0
4212588 load 133.69827 6533 1
4212590 load 136.42438 9803 1
140283911693313 branch 12.0 1 0
5263200 branch 158.1947 3266 0
5263202 mov 145.19463 3267 0
4820859 load 2440.0 1 1
4429680 integerALU 320.91217 87632 0
5263205 integerALU 158.41216 3268 0
4429685 jump 320.6895 29210 0
4820848 integerALU 2441.0 1 0
5263211 integerALU 158.44495 3266 0
4820852 load 1543.0 1 1
5316369 load 1361.3334 3 1
4429570 integerALU 738.0 1 0
5234446 integerALU 211.79045 29210 0
4429575 integerALU 738.3333 3 1
5234442 load 209.96416 29210 7418
140283911695465 branch 1031.0 1 0
5234440 branch 329.7663 29209 0
5316376 integerALU 1334.0 1 0
5316381 load 1347.0 2 1
5234435 integerALU 329.45956 29210 0
5316380 load 1347.5 2 1
5316382 load 1343.0 3 1
4429587 branch 739.0 1 0
5234463 integerALU 59.612057 29210 0
5316355 load 1350.0 1 1
5234460 load 58.32045 29210 29210
5234455 integerALU 57.851124 29209 0
5316362 integerALU 1355.0 2 0
5234449 branch 212.26762 29210 0
5316366 mov 1361.0 1 0
4429603 integerALU 744.0 2 0
5234479 store 244.89671 29210 0
5263153 branch 158.0414 3266 0
140283911695438 store 1033.0 1 0
4429600 integerALU 744.0 2 0
5234476 load 243.53543 29210 11086
4429607 branch 744.0 2 0
5234474 store 224.31035 29210 0
5263159 load 98.17319 3267 1242
140283911695431 branch 98.361115 36 0
5234471 integerALU 327.42993 29209 0
5263163 load 99.43773 3267 832
140283911697475 branch 12.0 1 0
4429613 jump 745.0 2 0
5234465 branch 60.28903 29210 0
5263167 load 99.76763 3266 832
5234495 branch 325.8381 29209 0
140283911695454 load 1033.0 1 1
4833083 store 893.0 1 0
5234490 load 284.69586 58418 7419
5234487 load 242.42331 29209 11086
5263146 integerALU 157.92143 3267 0
4833074 load 893.0 1 1
4833079 integerALU 901.0 1 0
4820939 store 669.0 1 0
4820928 integerALU 901.0 1 0
140283911697573 branch 1031.0 1 0
4820932 load 0.0 1 1
4820953 store 669.0 1 0
4812761 integerALU 1353.0 2 0
4812760 integerALU 1353.5 2 0
4429778 integerALU 304.42194 58435 0
4812762 integerALU 743.0 1 0
4429776 integerALU 303.92435 58435 0
4429782 integerALU 305.66916 58435 0
4812766 load 0.0 1 1
4429780 integerALU 304.97418 58436 0
4429787 integerALU 306.647 58436 0
4812752 integerALU 1355.5 2 0
4820946 load 669.0 1 1
4812754 integerALU 1355.0 2 0
4429784 integerALU 312.1646 29218 0
4812756 integerALU 1354.5 2 0
140283911695537 branch 66.02942 34 0
4429789 integerALU 305.6048 29218 0
4812758 integerALU 1354.0 2 0
4429788 integerALU 307.2167 58436 0
5269490 mov 137.4 15 0
4820971 integerALU 287.5 2 0
4429793 integerALU 306.97806 29218 0
5269492 store 140.53334 15 0
4812780 load 0.0 1 1
4429798 integerALU 106.87741 29216 0
4820975 integerALU 287.0 2 0
4429796 branch 307.16016 29218 0
5269497 integerALU 133.33333 30 1
4820960 store 669.0 1 0
4429802 mov 315.43433 29216 0
4812773 load 1361.0 1 1
4429807 load 206.4638 58431 1
4429806 load 210.87454 58432 1
4820967 load 287.0 1 1
4429805 load 212.02942 58431 1
4429811 load 204.03505 58431 1
5234686 integerALU 323.4578 29209 0
4820987 load 0.0 1 1
4429809 load 208.64243 58432 1
4812794 integerALU 983.0 1 0
4429815 jump 321.43298 29216 0
4812796 branch 983.0 1 0
4820991 load 492.0 1 1
4429813 load 206.26418 58432 1
4812784 store 1361.0 1 0
4820979 load 0.0 1 1
5269483 integerALU 130.86668 30 1
4429823 integerALU 311.85138 29218 0
4812788 load 983.0 1 1
4820983 integerALU 143.5 2 0
4429820 mov 76.38259 29218 0
4820873 branch 2440.0 1 0
4820866 integerALU 1543.0 1 0
4820869 integerALU 2440.0 1 0
4820891 load 0.0 1 1
140283911695608 store 95.583336 36 0
140283911695603 store 95.583336 36 0
140283911695565 store 68.8 35 0
4820906 store 1362.0 1 0
4820909 store 1362.0 1 0
4820898 integerALU 2440.0 1 0
140283911695554 branch 64.314285 35 0
4820902 load 0.0 1 1
4820923 load 904.6667 3 1
140283911695572 branch 64.314285 35 0
4820916 load 850.0 1 1
4820919 integerALU 0.0 1 0
140283911695568 load 68.8 35 1