4812873 load 848.0 1 1
5273685 load 124.785286 3265 1
4812891 load 982.0 1 1
4812906 load 982.0 1 1
4429920 load 305.63052 29223 1
140283911697157 load 68.457146 35 2
4812901 load 696.0 1 1
5273697 load 141.22266 3245 1230
4812922 load 982.0 1 1
5273700 load 147.74748 9738 1
4429940 load 315.1538 58446 29223
4429947 load 478.5 6 6
140283911697169 load 68.457146 35 1
4812809 load 982.0 1 1
5269523 load 345.66666 15 1
4812813 load 374.0 1 1
5234697 load 322.98016 58418 1
4812802 load 374.0 1 1
140283911693182 load 7.0 1 1
4821016 load 412.0 2 1
4429840 load 306.20947 29223 29223
4821009 load 155.0 1 1
5234710 load 322.65842 29209 1
5269515 load 426.6 15 1
4812842 load 695.0 1 1
4812846 load 374.0 1 1
4821025 load 669.0 1 1
4812835 load 1185.0 1 1
5234725 load 246.11905 58418 11086
4821048 load 1255.0 1 1
4812858 load 982.0 1 1
4429872 load 314.45724 58446 29223
4821055 load 1626.0 3 1
4812862 load 376.0 1 1
4821041 load 1255.0 1 1
4812850 load 982.0 1 1
4813006 load 982.0 1 1
4812995 load 982.0 1 1
5263552 load 152.19063 6534 1241
4430034 load 94.122986 29216 1
140283911693198 load 7.0 1 1
5230828 load 309.97278 29210 11087
4430054 load 268.0 1 1
5230821 load 309.0202 29210 11087
5230845 load 312.8877 29210 1
4430064 load 320.85934 29222 2
4831485 load 889.0 1 1
140283911693206 load 7.0 1 1
140283911693287 load 9.5 2 1
140283911693285 load 7.0 1 1
140283911693283 load 7.0 1 1
140283911693281 load 7.0 1 1
4812947 load 375.0 1 1
5273778 load 332.6 20 1
140283911695303 load 102.69444 36 1
5230759 load 278.44473 58421 11087
4429997 load 305.35156 29223 29223
4812966 load 375.0 1 1
5273760 load 146.71367 6530 1
140283911693279 load 7.0 1 1
5273761 load 148.92595 9798 1
140283911693278 load 7.0 1 1
140283911693277 load 7.0 1 1
4812987 load 982.0 1 1
4430001 load 304.2953 29223 29223
4812991 load 1357.0 1 1
4430015 load 310.85175 58446 29223
5263535 load 150.38716 3268 1242
140283911696931 load 90.138885 36 36
4430160 load 315.94705 29221 29221
4430165 load 257.5841 29221 29220
140283911696948 load 7.0 1 1
4430182 load 260.3924 29221 1
140283911705093 load 114.19444 36 1
4430189 load 260.6746 29220 1
140283911696923 load 92.57141 35 1
140283911705110 load 114.19444 72 1
5230862 load 315.49838 87630 1
140283911692907 load 7.0 1 1
4430095 load 315.7565 29221 29221
140283911692897 load 7.0 1 1
4831505 load 896.5 2 1
5230871 load 312.11716 87629 1
5538061 load 52.271427 70 2
5230870 load 307.04416 58419 1
5538062 load 57.685703 105 2
140283911692917 load 7.0 1 1
140283911692974 load 7.0 1 1
4555217 load 370.0 2 1
140283911692978 load 7.0 1 1
4430308 load 1348.0 3 1
4555241 load 368.5 2 2
4555252 load 977.25 4 1
5224945 load 319.0 1 1
5265815 load 158.13419 3268 1242
4831630 load 893.0 1 1
5265822 load 132.09854 6533 831
4831642 load 3.0 1 1
4831657 load 449.5 2 1
4831656 load 450.0 2 1
4831658 load 449.0 2 1
4831660 load 448.5 2 1
4555168 load 723.5 2 1
140283911693001 load 7.0 1 1
4831662 load 448.0 2 1
4831649 load 3.0 1 1
4555180 load 365.0 2 1
4555191 load 365.0 2 1
4831664 load 447.5 2 1
4430265 load 915.0 1 1
4831666 load 520.3333 3 1
5538217 load 993.0 3 1
5227083 load 1032.5 4 1
5222985 load 1034.5 2 1
4430408 load 457.33334 6 1
140283911704893 load 121.138885 36 1
140283911704886 load 121.083336 36 1
5229154 load 79.73333 15 1
5227134 load 14.8 20 1
5538400 load 234.87425 87647 1
5268078 load 140.82994 3266 1242
5223024 load 826.0 2 1
4555269 load 981.0 4 1
4430336 load 140.66667 3 3
4555270 load 980.5 6 1
4430345 load 141.66667 3 1
4813338 load 1359.5 2 1
4430359 load 142.66667 3 3
140283911696756 load 95.25 36 3
140283911704905 load 121.138885 36 1
4813345 load 637.0 1 1
5268030 load 131.75401 3266 1242
140283911704924 load 114.19444 36 1
4813370 load 1334.0 1 1
5227062 load 920.5 2 1
5222965 load 1126.0 2 1
4813362 load 1334.0 1 1
140283911704915 load 120.62857 35 1
4430399 load 148.33333 3 3
5227056 load 1126.0 2 1
5268183 load 147.8101 6533 1
4831943 load 126.16937 3265 410
140283911704992 load 90.13886 72 1
5227225 load 200.0 20 1
4831952 load 139.61185 6532 1241
4428505 load 54.0 1 1
140283911696816 load 1033.0 2 2
140283911696776 load 95.25 36 2
5227235 load 671.40015 60 1
4428526 load 255.5 2 1
4428525 load 256.0 2 1
4831974 load 133.41908 3265 410
5227232 load 365.64996 20 20
4428524 load 254.0 2 1
4428528 load 255.0 3 1
5229305 load 306.3 30 1
5223161 load 900.0 1 1
5227254 load 349.91525 59 1
4428536 load 39.0 1 1
140283911704976 load 90.138885 36 1
5223048 load 833.0 2 1
5229189 load 79.73333 30 1
5229185 load 80.066666 15 1
4831878 load 125.349884 3267 1
140283911696864 load 1033.0 2 1
4428436 load 251.0 1 1
5223062 load 826.0 2 1
140283911705077 load 86.81944 72 3
140283911705076 load 88.527794 36 3
140283911705075 load 90.138885 36 2
140283911705027 load 90.138885 36 36
4831929 load 138.86478 6533 1
5268131 load 140.22893 3266 1242
4813647 load 1334.0 1 1
4832088 load 897.5 2 1
4832080 load 894.0 1 1
5237609 load 868.5 2 1
5268351 load 142.62292 3267 831
5268321 load 150.46695 6533 1
5237629 load 837.0 2 1
5237618 load 1361.0 1 1
4428669 load 311.98993 29222 29222
5223182 load 449.5 2 1
5223180 load 450.0 2 1
4428544 load 39.0 1 1
5223178 load 450.5 2 1
5229321 load 339.0445 45 1
5223177 load 451.0 2 1
5223176 load 451.5 2 1
5229319 load 267.53336 30 1
5229317 load 241.03448 29 1
5229315 load 305.3 30 1
5229314 load 268.46667 30 1
4428563 load 249.0 1 1
5268225 load 107.86802 6533 1
5268226 load 107.05169 6534 1
5268227 load 146.6691 6533 1
5268229 load 147.16173 6537 1
5268231 load 147.4732 6533 1
5268233 load 147.9417 6533 1
5268235 load 148.39203 9799 1
5223186 load 595.0 3 1
4428574 load 250.0 1 1
5223184 load 449.0 2 1
4813616 load 743.0 1 1
4813623 load 1054.0 2 1
5237645 load 1356.0 1 1
4813706 load 1356.5 2 1
4813703 load 1357.0 1 1
5237656 load 704.0 3 1
5268362 load 143.14873 3268 1
5268407 load 133.34969 3268 1
5237667 load 1168.6666 3 1
5237666 load 768.5 2 1
140283911719130 load 9.5 2 1
5268392 load 143.17258 3268 1
5235791 load 281.56537 58419 1
5235790 load 281.47507 58420 1
5235789 load 275.55325 58419 1
5262423 load 145.86955 3267 1242
5235799 load 308.69702 87629 1
5235797 load 277.80466 58420 1
5235795 load 281.72842 58419 1
5235793 load 281.44925 58420 1
4832268 load 888.0 1 1
140283912199940 load 9.5 2 1
140283912199938 load 7.0 1 1
140283912199937 load 7.0 1 1
140283912199936 load 7.0 1 1
4832273 load 890.5 2 1
4428835 load 349.0 6 1
4428834 load 495.5 6 1
4428838 load 617.3333 6 1
4428836 load 472.33334 6 1
4428840 load 737.3333 9 1
5262398 load 151.61992 3267 1
5235770 load 313.9443 58419 1
5235765 load 319.73373 29210 1
4428994 load 225.72256 29210 11087
4203728 load 102.80554 72 1
4429020 load 306.6228 29220 29220
140283911698318 load 92.51429 35 1
4429039 load 311.47476 58435 2
4429038 load 311.48703 58436 2
4429037 load 310.7153 58435 2
4429043 load 315.0007 87653 2
4429041 load 313.95914 58436 2
5262486 load 145.41925 3268 1242
4361366 load 459.55554 9 1
5262469 load 89.87054 3268 1241
4428985 load 53.7066 29211 29211
140283911693884 load 7.0 1 1
140283911693875 load 8.666667 3 1
5262705 load 149.99849 3267 1242
5264755 load 1356.0 1 1
5262708 load 139.20172 3266 1241
5264763 load 1355.0 1 1
140283911693855 load 7.0 1 1
5264745 load 1352.0 1 1
5264751 load 1356.0 1 1
140283911693927 load 7.0 1 1
140283911693944 load 7.0 1 1
140283912199733 load 9.5 2 1
140283911693901 load 7.0 1 1
140283911693889 load 7.0 1 1
140283912199716 load 7.0 1 1
140283911693908 load 7.0 1 1
140283911696062 load 90.138885 36 3
140283911696061 load 90.138885 36 3
140283911696060 load 90.08333 36 2
5264886 load 103.805824 3266 1242
5264890 load 125.74902 3267 1241
5264894 load 107.64159 3267 832
5234144 load 209.38376 29211 11087
4212210 load 136.11949 3266 1
140283911693978 load 7.0 1 1
140283912199831 load 7.0 1 1
140283912199810 load 7.0 1 1
140283912199822 load 7.0 1 1
140283911696070 load 88.09721 72 3
140283911696068 load 90.138885 36 3
140283911696066 load 87.055565 36 3
140283911696064 load 90.138885 36 3
5234110 load 324.74155 29211 1
4212300 load 145.32472 3267 1
4212305 load 138.74269 6532 1
4212315 load 132.21 3267 1
4212319 load 129.22012 3267 1
5265015 load 151.59975 3266 1242
5265022 load 151.66771 3266 1242
5264998 load 105.738945 3268 832
5265002 load 110.533554 9802 3263
5265007 load 152.36613 3268 1241
5264898 load 123.79729 6532 3262
5264909 load 156.45505 3267 1242
4212284 load 129.83153 3266 1
5263040 load 134.9836 6536 1
5263041 load 130.71373 6536 2
5263042 load 134.75912 6534 2
5263044 load 130.81602 6535 2
5234395 load 56.839806 29210 11086
5263046 load 134.31328 6537 2
5263048 load 129.5139 6535 1
5263050 load 132.94984 9803 1
5316320 load 1355.0 1 1
5234424 load 207.04922 29209 11086
5316331 load 1350.0 2 1
4429560 load 703.64703 17 9
5316249 load 794.0 1 1
140283911693796 load 7.0 1 1
140283911693792 load 7.0 1 1
5265029 load 152.97261 9799 1242
5316239 load 1053.5 2 1
140283911695815 load 95.25 36 1
4212405 load 142.79387 6533 1
5263016 load 148.3772 3268 1
5316265 load 1354.0 1 1
5263021 load 144.17651 6535 1
5316268 load 1359.3334 3 1
5234501 load 253.97581 29209 11085
140283911697464 load 7.0 1 1
4212569 load 147.30823 3266 1
4212578 load 127.01068 6532 1
4212579 load 127.29784 6533 1
4212580 load 126.40802 6534 1
4212582 load 123.20646 6534 1
4212588 load 133.69827 6533 1
4212590 load 136.42438 9803 1
4820859 load 2440.0 1 1
4820852 load 1543.0 1 1
5316369 load 1361.3334 3 1
5234442 load 209.96416 29210 7418
5316381 load 1347.0 2 1
5316380 load 1347.5 2 1
5316382 load 1343.0 3 1
5316355 load 1350.0 1 1
5234460 load 58.32045 29210 29210
5234476 load 243.53543 29210 11086
5263159 load 98.17319 3267 1242
5263163 load 99.43773 3267 832
5263167 load 99.76763 3266 832
140283911695454 load 1033.0 1 1
5234490 load 284.69586 58418 7419
5234487 load 242.42331 29209 11086
4833074 load 893.0 1 1
4820932 load 0.0 1 1
4812766 load 0.0 1 1
4820946 load 669.0 1 1
4812780 load 0.0 1 1
4812773 load 1361.0 1 1
4429807 load 206.4638 58431 1
4429806 load 210.87454 58432 1
4820967 load 287.0 1 1
4429805 load 212.02942 58431 1
4429811 load 204.03505 58431 1
4820987 load 0.0 1 1
4429809 load 208.64243 58432 1
4820991 load 492.0 1 1
4429813 load 206.26418 58432 1
4820979 load 0.0 1 1
4812788 load 983.0 1 1
4820891 load 0.0 1 1
4820902 load 0.0 1 1
4820923 load 904.6667 3 1
4820916 load 850.0 1 1
140283911695568 load 68.8 35 1
